5.31764705882353e-001    1.05395244705882e+004
5.62352941176471e-001    9.85036300840336e+003
6.37647058823529e-001    1.00638169915966e+004
6.28235294117647e-001    9.18831238655462e+003
7.43529411764706e-001    9.82684094117647e+003
7.67058823529412e-001    9.40281959663866e+003
6.84705882352941e-001    8.36695144537815e+003
7.03529411764706e-001    8.20810922689076e+003
1.05176470588235e+000    5.29605389915966e+003
7.85882352941176e-001    6.51182880672269e+003
6.87058823529412e-001    5.92662473949580e+003
6.68235294117647e-001    6.08546695798319e+003
5.36470588235294e-001    7.30346534453782e+003
4.96470588235294e-001    7.99247077310924e+003
5.60000000000000e-001    8.02004971428571e+003
5.22352941176471e-001    8.54993986554622e+003
4.75294117647059e-001    8.54915969747899e+003
3.76470588235294e-001    7.64564705882353e+003
4.18823529411765e-001    9.18484063865546e+003
5.01176470588235e-001    9.39841164705882e+003
