# nc[fm^-3] R[km] M[Msun]  (dense TOV, p_surf=1e-17 MeV/fm^3)
3.500000000000000434e-12 2.191213111454657337e+04 3.219320323279652174e-02
3.944071635667889366e-12 2.170670332981458705e+04 3.441944767198546612e-02
4.444486019222852164e-12 2.148846949794348620e+04 3.677228369107610195e-02
5.008391783868403319e-12 2.125883868115950099e+04 3.925983128019396029e-02
5.643844564304992228e-12 2.101912260231623077e+04 4.189061464246465749e-02
6.359922074912490725e-12 2.077054037399580193e+04 4.467353180433980553e-02
7.166853788777263465e-12 2.051421688669266587e+04 4.761787750644910083e-02
8.076167070084386552e-12 2.025119679196170910e+04 5.073335205199450137e-02
9.100851847438572425e-12 1.998244125055724362e+04 5.403007983606881309e-02
1.025554618054233838e-11 1.970883930945533211e+04 5.751858548353055989e-02
1.155674537113119808e-11 1.943120881838550486e+04 6.120983278390872140e-02
1.302303760540420968e-11 1.915029915212341803e+04 6.511520854731829566e-02
1.467536949420314777e-11 1.886680368293583160e+04 6.924655248274368124e-02
1.653734530429505548e-11 1.858135072201482762e+04 7.361610283833254498e-02
1.863556415540448125e-11 1.829451879729105713e+04 7.823656359786293479e-02
2.100000000000001149e-11 1.800682974176147036e+04 8.312101711180461261e-02
2.200000000000001773e-11 1.789466385811838700e+04 8.509759558174335992e-02
2.369790498816797811e-11 1.771535652130801463e+04 8.834579526108198022e-02
2.552685003764710491e-11 1.753607581942730394e+04 9.170693220472932172e-02
2.749694849269875928e-11 1.735691344980490976e+04 9.518443537021639700e-02
2.961909422020560945e-11 1.717796370934874358e+04 9.878177723165965096e-02
3.190502184845577977e-11 1.699931026874866802e+04 1.025024833975031746e-01
3.436737165500581893e-11 1.682103242017319280e+04 1.063501222693260806e-01
3.701975946242656658e-11 1.664321152973672724e+04 1.103283053311693712e-01
3.987685192842802383e-11 1.646589440271248532e+04 1.144406806623382289e-01
4.295444764668770191e-11 1.628916887094659251e+04 1.186909226258121702e-01
4.626956450683817567e-11 1.611310264768604975e+04 1.230827419938498313e-01
4.984053379667997859e-11 1.593765158805604733e+04 1.276198500048784656e-01
5.368710156696800740e-11 1.576307552585956728e+04 1.323059882576222979e-01
5.783053781927868093e-11 1.558924605027694270e+04 1.371448937110373856e-01
6.229375412072363169e-11 1.541633528212199781e+04 1.421403072886186503e-01
6.710143029587322959e-11 1.524416322056186073e+04 1.472959478594158822e-01
7.228015089644448172e-11 1.507299282097114519e+04 1.526155196365544808e-01
7.785855220338111462e-11 1.490277347215261943e+04 1.581026889754268139e-01
8.386748057418367041e-11 1.473364437330581677e+04 1.637610930736265458e-01
9.034016301109210948e-11 1.456534379390603135e+04 1.695942949421877788e-01
9.731239089329390948e-11 1.439818557761423290e+04 1.756058070965150486e-01
1.048227178891245539e-10 1.423212259114860353e+04 1.817990597625097904e-01
1.129126731426366978e-10 1.406718262683785360e+04 1.881773782930166450e-01
1.216269909133758359e-10 1.390322194263149140e+04 1.947440060288247454e-01
1.310138579391794639e-10 1.374042697518912792e+04 2.015020341872967580e-01
1.411251798898186032e-10 1.357897961558413954e+04 2.084544362404841811e-01
1.520168683848651254e-10 1.341841672378431031e+04 2.156040271976214506e-01
1.637491501628803061e-10 1.325914025468607906e+04 2.229534525636174824e-01
1.763869001115084363e-10 1.310100903324379578e+04 2.305051727023411379e-01
1.899999999999999643e-10 1.294414412144938069e+04 2.382614371647866214e-01
2.000000000000000331e-10 1.283659580283935065e+04 2.437331403617197245e-01
2.116359740225662574e-10 1.271913864423770065e+04 2.498803316116910422e-01
2.239489275024007795e-10 1.260143434741812962e+04 2.561485183826445744e-01
2.369782470163983077e-10 1.248493497776957156e+04 2.625383311297814215e-01
2.507656106473777484e-10 1.236915055794035652e+04 2.690503141676603427e-01
2.653551213036069985e-10 1.225402351026141150e+04 2.756849202043698543e-01
2.807934477948242537e-10 1.213971735222720235e+04 2.824424943064506865e-01
2.971299741160611789e-10 1.202613542526809943e+04 2.893232682643338549e-01
3.144169574167612574e-10 1.191291193073046270e+04 2.963273802802634527e-01
3.327096951605400072e-10 1.180070773568082586e+04 3.034548365838404815e-01
3.520667020102584628e-10 1.168910864938068516e+04 3.107055416046057283e-01
3.725498970042681041e-10 1.157817583804391143e+04 3.180792613457895657e-01
3.942248016225234975e-10 1.146797830713018811e+04 3.255756476824037127e-01
4.171607493761785523e-10 1.135865570964900689e+04 3.331942147218189265e-01
4.414311075910559551e-10 1.124978069743082779e+04 3.409343501329502035e-01
4.671135120944649190e-10 1.114233365611261615e+04 3.487953078907738980e-01
4.942901155560692217e-10 1.103442574935103585e+04 3.567761891395886398e-01
5.230478502771755108e-10 1.092836011131681698e+04 3.648759685796933439e-01
5.534787062690971567e-10 1.082181972187708561e+04 3.730934780838532916e-01
5.856800255100487636e-10 1.071714401978223577e+04 3.814274000658535724e-01
6.197548133219030336e-10 1.061198622869071914e+04 3.898762627214466536e-01
6.558120678627705940e-10 1.050821619099868985e+04 3.984384704355875551e-01
6.939671287894539180e-10 1.040497914330749882e+04 4.071122556031921969e-01
7.343420462049956468e-10 1.030250729072191643e+04 4.158957136614080397e-01
7.770659710715930689e-10 1.020075671624780807e+04 4.247867939606903565e-01
8.222755683376360010e-10 1.009973110633949909e+04 4.337832935467088591e-01
8.701154541004740768e-10 9.999696317121388347e+03 4.428828637801400236e-01
9.207386582032068490e-10 9.899434182350742049e+03 4.520830190169629614e-01
9.743071137453278866e-10 9.800425748929825204e+03 4.613811130237364666e-01
1.030992175073038646e-09 9.702046064055401075e+03 4.707743795349950688e-01
1.090975165906128757e-09 9.604290765707324681e+03 4.802599008085535193e-01
1.154447959354871801e-09 9.507350319387429408e+03 4.898346182991218378e-01
1.221613591682156303e-09 9.411140566856640362e+03 4.994953687939080456e-01
1.292686911774293415e-09 9.315244837631607879e+03 5.092388280047933646e-01
1.367895268397873187e-09 9.220563942236176445e+03 5.190615705045700246e-01
1.447479237441217666e-09 9.125825541344214798e+03 5.289600441609836334e-01
1.531693391466561568e-09 9.032148443284895620e+03 5.389305792085062885e-01
1.620807114034767886e-09 8.939130534545700357e+03 5.489694117596788381e-01
1.715105461407256449e-09 8.846701698002831108e+03 5.590726703947447307e-01
1.814890074381738067e-09 8.755004190865016426e+03 5.692363817420968974e-01
1.920480143178334149e-09 8.663879226089567965e+03 5.794564821348526795e-01
2.032213428462712680e-09 8.573403772605624908e+03 5.897288409760602645e-01
2.150447341772216154e-09 8.483709766859112278e+03 6.000492336369349644e-01
2.275560088801006806e-09 8.394693888486632204e+03 6.104133708393441049e-01
2.407951879201392111e-09 8.306079461684386843e+03 6.208169124071033496e-01
2.548046206771266304e-09 8.218239269304147456e+03 6.312554587403612638e-01
2.696291204122710744e-09 8.130988235073488795e+03 6.417245666508212265e-01
2.853161076164927587e-09 8.044423863177788007e+03 6.522197446203646942e-01
3.019157616987188893e-09 7.958483988028931890e+03 6.627364856731106091e-01
3.194811814993655496e-09 7.873152860241390044e+03 6.732702397793134397e-01
3.380685551424924964e-09 7.788491560041870798e+03 6.838164695209327792e-01
3.577373397699137436e-09 7.704629723429145997e+03 6.943706174416992560e-01
3.785504517322370532e-09 7.621008068885807916e+03 7.049281146094379391e-01
4.005744678451722648e-09 7.538221072467404156e+03 7.154844187798083954e-01
4.238798383549190993e-09 7.456064856719851377e+03 7.260350064051661612e-01
4.485411122938543563e-09 7.374477872019107053e+03 7.365753570046507104e-01
4.746371759473755968e-09 7.293568880449051903e+03 7.471009952696695544e-01
5.022515051947149884e-09 7.213264919079872016e+03 7.576074863925578162e-01
5.314724325309152301e-09 7.133542084391526259e+03 7.680904358560433076e-01
5.623934296241143399e-09 7.054473365319050572e+03 7.785455081349370587e-01
5.951134063119525767e-09 6.975980558409988589e+03 7.889684043286780968e-01
6.297370269935864864e-09 6.898120606322650019e+03 7.993549194303890548e-01
6.663750454293111228e-09 6.820871474437984034e+03 8.097008895971409270e-01
7.051446590188204262e-09 6.744198472946732181e+03 8.200022580132110273e-01
7.461698836912889361e-09 6.668153928391559020e+03 8.302550177337951753e-01
7.895819506065545427e-09 6.592822312120425522e+03 8.404552796596385100e-01
8.355197259362798011e-09 6.517856121770395475e+03 8.505992189182423058e-01
8.841301550679572445e-09 6.443612354107043757e+03 8.606831227967439713e-01
9.355687326526445557e-09 6.369971211303507516e+03 8.707033681488465238e-01
9.900000000000014203e-09 6.296898292355810554e+03 8.806564320556693470e-01
1.000000000000000021e-08 6.283976654831630185e+03 8.824180371898178166e-01
1.041876888099251082e-08 6.231436118744489249e+03 8.895851022120677687e-01
1.085507449955379480e-08 6.179186696667111391e+03 8.967134351379464352e-01
1.130965123968064280e-08 6.127266865411315848e+03 9.038018345512731644e-01
1.178326423908628096e-08 6.075641845343758177e+03 9.108490855132753694e-01
1.227671067707040464e-08 6.024338983509665923e+03 9.178540347649839504e-01
1.279082111632096276e-08 5.973314181583668869e+03 9.248155441677563537e-01
1.332646090090667535e-08 5.922637973709661310e+03 9.317325083013674458e-01
1.388453161281298914e-08 5.872244458114145345e+03 9.386038799840557001e-01
1.446597258947327289e-08 5.822162959076756124e+03 9.454286137617894381e-01
1.507176250484947832e-08 5.772392913441082783e+03 9.522057156708565451e-01
1.570292101672351711e-08 5.722915721993425905e+03 9.589342203468291803e-01
1.636051048297222689e-08 5.673753791132689912e+03 9.656131932608775781e-01
1.704563774971427733e-08 5.624873730472877469e+03 9.722417434446722906e-01
1.775945601433943418e-08 5.576319632467427255e+03 9.788190074155111997e-01
1.850316676655550019e-08 5.528049113039281110e+03 9.853441507332966198e-01
1.927802181072032623e-08 5.480094648807229532e+03 9.918163801994611672e-01
2.008532537286278360e-08 5.432425551058815472e+03 9.982349346257722855e-01
2.092643629593920496e-08 5.385095401528996263e+03 1.004599097520676443e+00
2.180277032702031593e-08 5.337999898164769547e+03 1.010908151741952921e+00
2.271580250025861765e-08 5.291232110838335757e+03 1.017161467142619458e+00
2.366706961964663651e-08 5.244762953868746081e+03 1.023358398024651894e+00
2.465817284574576496e-08 5.198590822806130745e+03 1.029498359687642361e+00
2.569078039073905233e-08 5.152715740423172065e+03 1.035580778028985627e+00
2.676663032634446539e-08 5.107118425621163624e+03 1.041605138402104558e+00
2.788753350931475829e-08 5.061882668361159631e+03 1.047570944769229184e+00
2.905537662944844579e-08 5.016833451567045813e+03 1.053477736606431403e+00
3.027212538524145505e-08 4.972126330485564722e+03 1.059325082225191172e+00
3.153982779252571301e-08 4.927706861559770914e+03 1.065112572214815811e+00
3.286061763166296120e-08 4.883609107095288891e+03 1.070839851440679169e+00
3.423671803909638747e-08 4.839746741510829452e+03 1.076506571411876889e+00
3.567044524930523605e-08 4.796217730802627557e+03 1.082112435619035251e+00
3.716421249346085704e-08 4.752939533782854596e+03 1.087657148643411453e+00
3.872053406134622567e-08 4.709965045590749469e+03 1.093140477045925429e+00
4.034202953337646574e-08 4.667281742102976750e+03 1.098562200838551384e+00
4.203142818984235622e-08 4.624869857558547665e+03 1.103922117185330398e+00
4.379157360480009176e-08 4.582791528313642630e+03 1.109220060755422566e+00
4.562542843233842504e-08 4.540916898512657099e+03 1.114455912200473353e+00
4.753607939327985082e-08 4.499369174723277865e+03 1.119629540924672817e+00
4.952674247070924635e-08 4.458096669672565440e+03 1.124740877346495749e+00
5.160076832307556362e-08 4.417105271893349709e+03 1.129789841746912327e+00
5.376164792397638643e-08 4.376392876203799460e+03 1.134776433318850808e+00
5.601301843812007518e-08 4.335958771515518492e+03 1.139700620083267557e+00
5.835866934335452325e-08 4.295806342664815020e+03 1.144562426255421483e+00
6.080254880906737554e-08 4.255931601117465107e+03 1.149361888526482023e+00
6.334877034169394439e-08 4.216333391371565995e+03 1.154099063168866568e+00
6.600161970851822377e-08 4.177000709389933036e+03 1.158774030019082080e+00
6.876556215142101724e-08 4.137952758400511811e+03 1.163386913088825025e+00
7.164524990271817098e-08 4.099171695363261279e+03 1.167937821344265492e+00
7.464553001573719180e-08 4.060700307746336875e+03 1.172426907740588220e+00
7.777145252331551066e-08 4.022434926892618932e+03 1.176854323263073709e+00
8.102827893795061034e-08 3.984470986052077023e+03 1.181220283692461459e+00
8.442149110791007152e-08 3.946775359331478285e+03 1.185524963708242785e+00
8.795680044420776849e-08 3.909352426476485562e+03 1.189768607133125933e+00
9.164015753397800631e-08 3.872192244119712086e+03 1.193951444565616749e+00
9.547776215642615359e-08 3.835317166957154313e+03 1.198073733043011790e+00
9.947607371821772210e-08 3.798677211045368495e+03 1.202135745840409387e+00
1.036418221258683800e-07 3.762315370952725061e+03 1.206137763068786839e+00
1.079820191134358664e-07 3.726220418571837399e+03 1.210080105039631926e+00
1.125039700445804125e-07 3.690384798462643630e+03 1.213963085158481503e+00
1.172152862088588029e-07 3.654837698212607393e+03 1.217787036081227958e+00
1.221238976329488762e-07 3.619504134926757160e+03 1.221552295777680097e+00
1.272380664283680058e-07 3.584454157881052197e+03 1.225259236741272684e+00
1.325664006981538497e-07 3.549659395802676954e+03 1.228908216979532897e+00
1.381178690259109175e-07 3.515127460961722591e+03 1.232499632366433229e+00
1.439018155716160330e-07 3.480848551100229088e+03 1.236033870340755181e+00
1.499279757995876470e-07 3.446838718863116810e+03 1.239511343472158522e+00
1.562064928650939138e-07 3.413061966905527697e+03 1.242932461721438120e+00
1.627479346871819165e-07 3.379548497999475330e+03 1.246297648280395798e+00
1.695633117364612507e-07 3.346292452514791421e+03 1.249607350297992303e+00
1.766640955677874663e-07 3.313281215055677876e+03 1.252862003797863277e+00
1.840622381290351071e-07 3.280545693790330461e+03 1.256062067956297712e+00
1.917701918784624297e-07 3.248014560034301212e+03 1.259207987947721819e+00
1.998009307445287136e-07 3.215763693804251488e+03 1.262300255088071976e+00
2.081679719634435595e-07 3.183752976702027354e+03 1.265339318896963272e+00
2.168853988312047212e-07 3.151990604543792415e+03 1.268325681577485486e+00
2.259678844084200750e-07 3.120472132969045560e+03 1.271259818927730656e+00
2.354307162178159926e-07 3.089201948144759172e+03 1.274142226278819567e+00
2.452898219759960236e-07 3.058172446704722915e+03 1.276973403545272445e+00
2.555617964027700396e-07 3.027384467509173646e+03 1.279753849160159440e+00
2.662639291531724239e-07 2.996842004632775115e+03 1.282484080541943072e+00
2.774142339191861749e-07 2.966537116239802799e+03 1.285164597027061983e+00
2.890314787501594329e-07 2.936489789987348104e+03 1.287795921665998877e+00
3.011352176429409104e-07 2.906649261480943096e+03 1.290378569809965903e+00
3.137458234549179990e-07 2.877061096732838450e+03 1.292913064991902505e+00
3.268845221953469917e-07 2.847709459772635910e+03 1.295399921052114323e+00
3.405734287526987084e-07 2.818593537395151088e+03 1.297839679626056952e+00
3.548355841181537258e-07 2.789711638788273376e+03 1.300232857839556999e+00
3.696949941679020281e-07 2.761062732064248394e+03 1.302579980615873989e+00
3.851766700695245728e-07 2.732648156347551776e+03 1.304881590821524107e+00
4.013066703804673762e-07 2.704460469230521994e+03 1.307138211766716074e+00
4.181121449094732763e-07 2.676517788173030112e+03 1.309350371641466726e+00
4.356213804147851610e-07 2.648779048086149942e+03 1.311518606343277327e+00
4.538638482160563977e-07 2.621282470315959927e+03 1.313643450273966451e+00
4.728702538000957180e-07 2.594010522639739065e+03 1.315725432512711679e+00
4.926725885039467467e-07 2.566966144887575865e+03 1.317765076249904688e+00
5.133041833622939419e-07 2.540144318098166423e+03 1.319762921894687580e+00
5.347997652098341409e-07 2.513548526923440932e+03 1.321719493407569113e+00
5.571955151330321057e-07 2.487173892329160935e+03 1.323635319255456633e+00
5.805291293696627422e-07 2.461018732207702215e+03 1.325510927258297889e+00
6.048398827586317751e-07 2.435086942930188798e+03 1.327346833054042552e+00
6.301686948468791692e-07 2.409372582883946052e+03 1.329143569198907970e+00
6.565581987646330251e-07 2.383878553587006991e+03 1.330901645878135975e+00
6.840528129849454461e-07 2.358600355356622458e+03 1.332621587056233015e+00
7.126988160882938830e-07 2.333537857869197524e+03 1.334303906258396566e+00
7.425444246580906922e-07 2.308689631045195711e+03 1.335949109808910906e+00
7.736398744382203342e-07 2.284060831700309791e+03 1.337557710177988746e+00
8.060375048891882766e-07 2.259635358182846630e+03 1.339130212224119987e+00
8.397918472852324763e-07 2.235425270173902391e+03 1.340667117267554165e+00
8.749597165006595459e-07 2.211428095551379556e+03 1.342168926237349957e+00
9.116003066399082274e-07 2.187637072089426056e+03 1.343636126823912758e+00
9.497752906723106300e-07 2.164064334842833432e+03 1.345069221777773771e+00
9.895489242392288169e-07 2.140680531844777761e+03 1.346468682996075250e+00
1.030988153808329120e-06 2.117521918055529568e+03 1.347835009980771659e+00
1.074162729357014042e-06 2.094550975195332740e+03 1.349168663760019760e+00
1.119145321774684032e-06 2.071794218561552498e+03 1.350470135664232352e+00
1.166011645181442856e-06 2.049235415766831920e+03 1.351739879305036363e+00
1.214840584369129804e-06 2.026880438936674409e+03 1.352978375112859233e+00
1.265714327579184608e-06 2.004725583463748990e+03 1.354186069801966097e+00
1.318718504840836867e-06 1.982769606716726003e+03 1.355363431030674803e+00
1.373942332102465703e-06 1.961019426967600111e+03 1.356510896918526443e+00
1.431478761398744687e-06 1.939452282984796284e+03 1.357628927860034640e+00
1.491424637306294455e-06 1.918094656208452534e+03 1.358717949300967787e+00
1.553880859951233227e-06 1.896919824498606658e+03 1.359778410365478862e+00
1.618952554842979181e-06 1.875945959311077786e+03 1.360810734190079252e+00
1.686749249820135113e-06 1.855161096594007404e+03 1.361815348137480841e+00
1.757385059406348822e-06 1.834568969247248560e+03 1.362792668939475149e+00
1.830978876886404257e-06 1.814168510015030279e+03 1.363743122043558742e+00
1.907654574425868824e-06 1.793955351926217872e+03 1.364667097640806404e+00
1.987541211571125220e-06 1.773936611237103534e+03 1.365565022950610219e+00
2.070773252480739158e-06 1.754092690907352562e+03 1.366437273948511777e+00
2.157490792253797480e-06 1.734447385769576158e+03 1.367284262470938927e+00
2.247839792736174363e-06 1.714975556068845890e+03 1.368106358795750044e+00
2.341972328201630873e-06 1.695693768961819160e+03 1.368903958954653444e+00
2.440046841321268073e-06 1.676590659698446188e+03 1.369677430973518684e+00
2.542228409852210033e-06 1.657670328649100838e+03 1.370427147525514089e+00
2.648689024494328153e-06 1.638934039559680969e+03 1.371153472145933749e+00
2.759607878382786264e-06 1.620368795842203554e+03 1.371856764279984375e+00
2.875171668703633815e-06 1.601989845637456256e+03 1.372537381663279099e+00
2.995574910940072740e-06 1.583777477134715582e+03 1.373195664426843265e+00
3.121020266278434437e-06 1.565747493428026019e+03 1.373831961922315825e+00
3.251718882724871550e-06 1.547889915920842213e+03 1.374446606250590230e+00
6.531183178061088019e-06 1.546572566266624563e+03 1.374453746083554639e+00
6.804688805164463504e-06 1.551201642749278790e+03 1.371814827453394559e+00
7.030576128890153579e-06 1.554908108264516613e+03 1.368441924592316283e+00
7.089647996808562295e-06 1.555854157197452878e+03 1.367452373354239636e+00
7.290770067763526174e-06 1.559004709543883791e+03 1.363835068115260896e+00
7.386540392633994327e-06 1.560466265667192829e+03 1.362001295113378418e+00
7.560593499950859182e-06 1.563060668152404105e+03 1.358524115639969221e+00
7.695865718096910551e-06 1.565019429477857102e+03 1.355716003294305416e+00
7.840402802475711632e-06 1.567067525601373745e+03 1.352633405210029949e+00
8.018144625600517487e-06 1.569510212003013976e+03 1.348749131384841649e+00
8.130567541485802637e-06 1.571019332470250674e+03 1.346249199897279425e+00
8.353919570850402675e-06 1.573936940178933128e+03 1.341206287527684671e+00
8.431470960368080055e-06 1.574924864051718714e+03 1.339436301214977032e+00
8.703755725909048262e-06 1.578300904326594718e+03 1.333166340183286280e+00
8.743510485928404901e-06 1.578781068937064447e+03 1.332245442555832105e+00
9.068241930486139430e-06 1.582603610600119282e+03 1.324691081267548531e+00
9.402661650304609353e-06 1.586353708336337604e+03 1.316888039532070565e+00
9.447991683066044440e-06 1.586848741393942646e+03 1.315830749144976997e+00
9.750643881893439040e-06 1.590072665275805775e+03 1.308785368671482319e+00
9.843644173540456270e-06 1.591037406669225447e+03 1.306627152593816454e+00
1.011150455556655259e-05 1.593749371057936742e+03 1.300435100319100368e+00
1.025586535908465475e-05 1.595171448766274580e+03 1.297115458660183407e+00
1.048572028839074577e-05 1.597383881518178669e+03 1.291859397194864867e+00
1.068534908508802882e-05 1.599253901504786199e+03 1.287326481373127329e+00
1.087378533650957093e-05 1.600984013830032836e+03 1.283077176548162335e+00
1.113281825302569600e-05 1.603287356856162887e+03 1.277286305934858479e+00
1.127621224794628296e-05 1.604536294743486451e+03 1.274106259842457289e+00
1.159902603723695211e-05 1.607272684003133236e+03 1.267018404372284524e+00
1.169353253956631979e-05 1.608056278570315499e+03 1.264962074842476580e+00
1.208475715265862434e-05 1.611211374484974158e+03 1.256543285798378484e+00
1.259082917564713430e-05 1.615104398785051217e+03 1.245879743148316177e+00
1.304046832197941285e-05 1.618397756650501378e+03 1.236621909928582230e+00
1.311809392011249507e-05 1.618950803978189924e+03 1.235044105613177567e+00
6.938851207805796987e-05 1.619222431115396830e+03 1.234340306093043793e+00
7.052503467667431262e-05 1.618836994210562580e+03 1.235684281060395628e+00
7.195650507595223986e-05 1.618418073442616787e+03 1.237309210332208531e+00
7.347840366202520958e-05 1.618033405193571070e+03 1.238967653825052251e+00
7.461953668816087050e-05 1.617771709180843118e+03 1.240170038385156825e+00
7.655545054989145056e-05 1.617383804133871081e+03 1.242135734074059306e+00
7.738112418993273460e-05 1.617238668614346125e+03 1.242947863656605589e+00
7.976135458595683971e-05 1.616858305922187128e+03 1.245208906890082012e+00
8.024491502702969120e-05 1.616793722058691401e+03 1.245654690416371668e+00
8.310151190659763960e-05 1.616432067106621844e+03 1.248198220868547148e+00
8.658154462158881089e-05 1.616092948047264372e+03 1.251109237096428295e+00
8.948803698704373892e-05 1.615876557578768143e+03 1.253398676582031523e+00
9.020731027716740185e-05 1.615831440069824566e+03 1.253946644881308137e+00
9.279989143521975273e-05 1.615693946186218454e+03 1.255864585470582995e+00
9.398491171537858111e-05 1.615644329942810600e+03 1.256712396415265331e+00
9.623431399702521297e-05 1.615565452774660798e+03 1.258275332334631180e+00
9.792070734630148375e-05 1.615523989559874735e+03 1.259409079660684050e+00
9.979584078439187277e-05 1.615489676340961296e+03 1.260632908406805752e+00
1.020213218504420678e-04 1.615468623283880561e+03 1.262037318478864467e+00
1.034891757857966428e-04 1.615464515641889420e+03 1.262936673766261508e+00
1.062936573293107135e-04 1.615477379814664118e+03 1.264597984454418178e+00
1.073191970791889942e-04 1.615487533146647593e+03 1.265187851686955023e+00
1.107449049229503979e-04 1.615547164851780053e+03 1.267091583672763644e+00
1.112909632748520957e-04 1.615559781326391885e+03 1.267386173198424393e+00
1.153825569139709949e-04 1.615678864061067088e+03 1.269517926158274745e+00
1.196809078108857692e-04 1.615851287629131093e+03 1.271624231379420156e+00
1.202144193384628367e-04 1.615870987686731041e+03 1.271876730024703139e+00
1.241101674107204615e-04 1.616062841248788345e+03 1.273663535253674928e+00
1.252486251250161005e-04 1.616124470730598432e+03 1.274167533688590481e+00
1.287033490676448835e-04 1.616326322813984234e+03 1.275648521167220828e+00
1.304936477839614261e-04 1.616441068256187236e+03 1.276389192881935752e+00
1.334665193578429181e-04 1.616641340086541049e+03 1.277579518099000611e+00
1.359583156698732044e-04 1.616821197819780537e+03 1.278540989650170490e+00
1.384059693748528768e-04 1.617006833496340050e+03 1.279455045998233231e+00
1.416518268413431312e-04 1.617268813660914702e+03 1.280622419071188123e+00
1.435282230387094891e-04 1.617422847144503066e+03 1.281274678134610934e+00
1.475837645430325476e-04 1.617781523287617347e+03 1.282631042641289243e+00
1.488400457125979505e-04 1.617896284329080572e+03 1.283036944828315651e+00
1.537641133360673651e-04 1.618365772645037396e+03 1.284566403893193209e+00
1.602032759039224139e-04 1.619027427126843577e+03 1.286426748379076557e+00
1.659843930471574720e-04 1.619652888262035958e+03 1.287972877108082947e+00
1.669120905620844332e-04 1.619758429914189719e+03 1.288210661334043161e+00
1.721272940309013795e-04 1.620362052615435232e+03 1.289497417201012741e+00
1.739018495009648938e-04 1.620573673607390901e+03 1.289916361066998141e+00
1.784975370665294416e-04 1.621135774335851693e+03 1.290959626234040147e+00
1.811843177927692375e-04 1.621475734149749769e+03 1.291542397385096352e+00
1.851035358349216735e-04 1.621977429672434482e+03 1.292358365269036025e+00
1.887717531943162010e-04 1.622462097326533467e+03 1.293087172724332934e+00
1.919540153980922104e-04 1.622895017936617478e+03 1.293692756090492946e+00
1.966769267791340257e-04 1.623543612130838255e+03 1.294548793578825574e+00
1.990580237230648577e-04 1.623883267881843949e+03 1.294961678936187743e+00
2.049131444335684121e-04 1.624722714641992525e+03 1.295926056661126147e+00
2.064249436322344725e-04 1.624944363753525749e+03 1.296163814091214395e+00
2.134942692530786539e-04 1.626004233779459128e+03 1.297217334928088439e+00
2.224347448764212097e-04 1.627393556155243687e+03 1.298421760877146669e+00
2.302022873921357132e-04 1.628643055854832710e+03 1.299361300138614617e+00
2.317496197969965831e-04 1.628896423886673574e+03 1.299537365039363790e+00
2.387218224623967788e-04 1.630055595368830154e+03 1.300288042025070423e+00
2.414545726922789036e-04 1.630518169017850596e+03 1.300563707354710719e+00
2.475566562146807518e-04 1.631563956510861772e+03 1.301144274761401709e+00
2.515659388139659470e-04 1.632262490636028815e+03 1.301500162651228587e+00
2.567184575086221506e-04 1.633176397869690391e+03 1.301929596857365201e+00
2.621007374832614450e-04 1.634134832181141519e+03 1.302345899592389555e+00
2.662193270555975500e-04 1.634882609572361616e+03 1.302643576653057522e+00
2.730767007375792081e-04 1.636143192317458897e+03 1.303100765389235915e+00
2.760718134010870656e-04 1.636698924621931837e+03 1.303286320392772701e+00
2.845123031768794918e-04 1.638291676446799556e+03 1.303765019909306933e+00
2.862889294985245837e-04 1.638626971340499267e+03 1.303858010829735070e+00
2.964267930598778840e-04 1.640578734907007401e+03 1.304338916549215632e+00
3.088402247024662193e-04 1.643017451263461226e+03 1.304823178535130523e+00
3.192655173641280471e-04 1.645100357166104232e+03 1.305150321630664356e+00
3.217734922328783424e-04 1.645610448359870588e+03 1.305219086272774831e+00
3.310811852392060240e-04 1.647497053101930533e+03 1.305442682827224976e+00
3.352483647604197984e-04 1.648351266862878447e+03 1.305527686779408114e+00
3.433341380690977025e-04 1.650018490279021307e+03 1.305667595293622085e+00
3.492875230169488064e-04 1.651254592009236376e+03 1.305750987518254247e+00
3.560405592920757732e-04 1.652665770781523179e+03 1.305826452208416422e+00
3.639145975327941988e-04 1.654320696519766898e+03 1.305890808600590924e+00
3.662186537915545007e-04 1.654806969869908244e+03 1.305904955732716033e+00
3.685372977455585132e-04 1.655300719442456739e+03 1.305917396786445472e+00
3.708706217540321350e-04 1.655790065952911164e+03 1.305927848192751428e+00
3.732187187609565453e-04 1.656288272989372444e+03 1.305936329896451475e+00
3.755816822987690187e-04 1.656789166909354662e+03 1.305943101338016499e+00
3.779596064920908468e-04 1.657299582591442231e+03 1.305947851084999112e+00
3.791542084113590076e-04 1.657548808706801765e+03 1.305949619456573396e+00
3.803525860614751538e-04 1.657803568153907008e+03 1.305950834752489520e+00
3.807220791064406412e-04 1.657882203016246422e+03 1.305951190506932313e+00
3.810919310949634057e-04 1.657961850417440246e+03 1.305951358937104789e+00
3.814621423757387497e-04 1.658040086968882179e+03 1.305951597940906206e+00
3.818327132978003007e-04 1.658119239916462448e+03 1.305951694098478333e+00
3.822036442105219631e-04 1.658198832274565575e+03 1.305951819269621561e+00
3.825749354636158038e-04 1.658278454316822945e+03 1.305951851921916651e+00
3.827607163271802993e-04 1.658317408735363188e+03 1.305952022364847087e+00
3.829465874071339500e-04 1.658357624752663014e+03 1.305951911052415593e+00
3.833186003914687513e-04 1.658437002686299593e+03 1.305951800660085649e+00
3.836909747673528342e-04 1.658515360375988394e+03 1.305951914126696201e+00
3.840637108858591564e-04 1.658595150859474415e+03 1.305951740449269316e+00
3.844368090984029581e-04 1.658675631747581065e+03 1.305951489124469900e+00
3.848102697567396479e-04 1.658754657908946456e+03 1.305951411211805802e+00
3.851840932129666460e-04 1.658835206272505729e+03 1.305951138180770688e+00
3.876228132499182641e-04 1.659358127104083906e+03 1.305948562871375174e+00
3.900769735802861026e-04 1.659881322617502065e+03 1.305944266329101433e+00
3.925466719613601089e-04 1.660410733646887593e+03 1.305937879997387974e+00
3.950320067693616232e-04 1.660943290122955887e+03 1.305929975143479638e+00
3.970515854878136578e-04 1.661376478486723272e+03 1.305922165562373394e+00
4.115747179124647735e-04 1.664504212020810428e+03 1.305834625853804720e+00
4.269843013360888838e-04 1.667840171399685687e+03 1.305687497828428745e+00
4.288101863189650400e-04 1.668230363323387110e+03 1.305666908112172786e+00
4.427865236810263577e-04 1.671261265005340647e+03 1.305487041134320014e+00
4.467674225072633745e-04 1.672125696152334058e+03 1.305429334313960466e+00
4.591735690048356021e-04 1.674818186465728331e+03 1.305233891194645279e+00
4.654766518659908601e-04 1.676187284812630878e+03 1.305125904264452963e+00
4.761670809668165270e-04 1.678506104210087415e+03 1.304930661389783975e+00
4.849693655289970696e-04 1.680417964983115326e+03 1.304759637856323540e+00
4.937895042344456588e-04 1.682322765173430525e+03 1.304579708789408210e+00
5.052783733808197076e-04 1.684805708188604285e+03 1.304334008269316891e+00
5.120641141278133284e-04 1.686268748238748913e+03 1.304183338432208794e+00
5.264378592818599011e-04 1.689364416923904855e+03 1.303852484868303740e+00
5.310150473611687221e-04 1.690342168746400830e+03 1.303744026682263080e+00
5.484834386062155832e-04 1.694075034109843500e+03 1.303318475768637352e+00
5.714522181890194404e-04 1.698949916331477880e+03 1.302735400598505899e+00
5.921807529228063352e-04 1.703311039927677712e+03 1.302191792467327636e+00
5.953828587841897974e-04 1.703980446483162723e+03 1.302106680274895512e+00
6.140967153991712824e-04 1.707876678491675193e+03 1.301604181394756976e+00
6.203156401377075708e-04 1.709164608027754639e+03 1.301435533577340653e+00
6.368237636950176096e-04 1.712562762215884959e+03 1.300984989368289435e+00
6.462925287859696806e-04 1.714498028861975627e+03 1.300725084422247990e+00
6.603919152100955073e-04 1.717363896738714857e+03 1.300336674554589678e+00
6.733572486933217657e-04 1.719980605025319392e+03 1.299978474742812473e+00
6.848322982553139114e-04 1.722279501912664955e+03 1.299661218611493974e+00
7.015553548476715110e-04 1.725604301683848689e+03 1.299198822192152658e+00
7.101771931663492226e-04 1.727307303995400616e+03 1.298960658887549746e+00
7.309343099380578900e-04 1.731369538163836069e+03 1.298388779426741246e+00
7.364600749388219457e-04 1.732448418799978072e+03 1.298236989320138424e+00
7.615435642432357355e-04 1.737270991843671936e+03 1.297551249371335036e+00
7.934346388657545490e-04 1.743305476207632864e+03 1.296688861624383238e+00
8.212902512689693006e-04 1.748479653416220799e+03 1.295946228895727081e+00
8.266612124516054807e-04 1.749467038706218545e+03 1.295804210546883883e+00
8.516853058873037965e-04 1.754024013625309408e+03 1.295148651258669181e+00
8.612792115414326507e-04 1.755755554128080121e+03 1.294899867895296319e+00
8.832052482585661278e-04 1.759664591152175717e+03 1.294336824230170935e+00
8.973469047053643727e-04 1.762158514153013812e+03 1.293977994372359053e+00
9.158917092491120808e-04 1.765395536828284094e+03 1.293512546486850434e+00
9.349250006199203182e-04 1.768678185212155313e+03 1.293041049644988894e+00
9.497878604381627824e-04 1.771220519397566022e+03 1.292677257907355770e+00
9.740767502520729674e-04 1.775313379817959913e+03 1.292091146683333802e+00
9.849384711379050375e-04 1.777119883160866493e+03 1.291832390059861391e+00
1.014868053322459229e-03 1.782046862510247365e+03 1.291130396557296889e+00
1.021389967523841360e-03 1.783105222069983483e+03 1.290979540214779009e+00
1.057367569226948592e-03 1.788879970867777274e+03 1.290160912899383838e+00
1.101646832603242606e-03 1.795813342911441396e+03 1.289184721560844737e+00
1.139040189165643887e-03 1.801511258164539868e+03 1.288386734896688868e+00
1.147780373737063153e-03 1.802824467381080240e+03 1.288203706507072388e+00
1.181194821719329727e-03 1.807781966424068287e+03 1.287515613272986137e+00
1.195845844010566799e-03 1.809923515475893964e+03 1.287219716221859489e+00
1.224909551153388274e-03 1.814119412098031034e+03 1.286643204226076032e+00
1.245924146604151595e-03 1.817102487264906358e+03 1.286234800825957203e+00
1.270242114948345316e-03 1.820502029226986451e+03 1.285770797056029258e+00
1.298099572671648641e-03 1.824340015973730260e+03 1.285250498003205566e+00
1.317252387385780231e-03 1.826940627674091502e+03 1.284899628256958692e+00
1.352459943218105049e-03 1.831642649755760203e+03 1.284268850988531607e+00
1.366002458628997902e-03 1.833425388277392358e+03 1.284031006157232202e+00
1.409096756918966180e-03 1.839000724835509345e+03 1.283291427314936284e+00
1.416556716730388603e-03 1.839950934724966601e+03 1.283166045865135940e+00
1.468105344129479401e-03 1.846402861501728239e+03 1.282320093624816248e+00
1.523347348564190731e-03 1.853099319857853061e+03 1.281452113682114424e+00
1.529585027343502218e-03 1.853841479164942029e+03 1.281356542939164456e+00
1.579724769081191109e-03 1.859710860521745417e+03 1.280605496969425827e+00
1.593639288371855901e-03 1.861308798955970133e+03 1.280402370912232302e+00
1.638188656317122235e-03 1.866337163724096399e+03 1.279767367082913720e+00
1.660375942521574418e-03 1.868792777733920502e+03 1.279459454213016434e+00
1.698816228124970214e-03 1.872974610029134283e+03 1.278938788078687772e+00
1.729907320069238837e-03 1.876288512113698744e+03 1.278529278818699266e+00
1.761687560106069009e-03 1.879611993117271822e+03 1.278121128540713469e+00
1.802350455333853827e-03 1.883786077232918160e+03 1.277613660619683511e+00
1.826885691372244274e-03 1.886247281554096162e+03 1.277315345812740865e+00
1.877827283667499961e-03 1.891256758034025097e+03 1.276714299532280439e+00
1.894496734222097687e-03 1.892866444365371308e+03 1.276522787085384580e+00
1.956464846695364634e-03 1.898711730891248180e+03 1.275832662520041128e+00
1.964609987876290292e-03 1.899464495074220622e+03 1.275744474418762042e+00
2.038395506150544791e-03 1.906131286903376576e+03 1.274970543036496151e+00
2.112716971122650771e-03 1.912572513199185551e+03 1.274235230181009593e+00
2.123757166663627766e-03 1.913499357879357376e+03 1.274129623272011846e+00
2.190906317253492417e-03 1.919050697398480452e+03 1.273506563864566843e+00
2.212693507881982949e-03 1.920806880646062154e+03 1.273311394312437228e+00
2.271989365632165036e-03 1.925478393638140233e+03 1.272796766491098408e+00
2.305354226309496227e-03 1.928039596003680117e+03 1.272517557121131793e+00
2.356073209016358236e-03 1.931843880714143779e+03 1.272106904622573254e+00
2.401895287273794408e-03 1.935182932704688483e+03 1.271749682297270700e+00
2.443268903549683166e-03 1.938126803199497090e+03 1.271438093424391402e+00
2.502479187445072646e-03 1.942223539419503368e+03 1.271009348807359052e+00
2.533691615442253825e-03 1.944328416154153501e+03 1.270791313487615870e+00
2.607275228348414874e-03 1.949146990777218662e+03 1.270298047541164044e+00
2.627460773079755459e-03 1.950433675513641219e+03 1.270167756846550811e+00
2.716459801329910908e-03 1.955937978430347584e+03 1.269617340331458344e+00
2.830216684456317560e-03 1.962588497936537351e+03 1.268968652169249589e+00
2.930108490540089729e-03 1.968073266736497544e+03 1.268446193072394923e+00
2.948737351847927849e-03 1.969063017382865382e+03 1.268353380439285916e+00
3.038548603484331374e-03 1.973698233731304981e+03 1.267925253729230484e+00
3.072221295965345961e-03 1.975366204068370280e+03 1.267772822590501169e+00
3.151001966495362103e-03 1.979162976031826247e+03 1.267432276263222857e+00
3.200876363392622919e-03 1.981478574238121155e+03 1.267228128443343760e+00
3.267617105572107484e-03 1.984474910362409446e+03 1.266968118721645942e+00
3.334919104681946696e-03 1.987387783012350837e+03 1.266720631679684184e+00
3.388548043498389693e-03 1.989625173039075889e+03 1.266533546600791649e+00
3.474575138848767265e-03 1.993069606135018148e+03 1.266251236604532204e+00
3.513954503272929530e-03 1.994583251576599650e+03 1.266129120704576394e+00
3.620079533130776944e-03 1.998508263233306934e+03 1.265820893174238071e+00
3.644002119068072160e-03 1.999366979298582237e+03 1.265755522736220495e+00
3.771677198650083551e-03 2.003702844162177598e+03 1.265430395105642702e+00
3.929623302644450443e-03 2.008634017419129577e+03 1.265080355622147490e+00
4.063741562966173733e-03 2.012471719520604438e+03 1.264824387103771430e+00
4.094183697961501466e-03 2.013290015965457542e+03 1.264771204454356424e+00
4.214136196982962330e-03 2.016403352570083598e+03 1.264578252391332924e+00
4.265635370538813434e-03 2.017659690852600761e+03 1.264503145089571401e+00
4.370096772039695592e-03 2.020105223917159492e+03 1.264364377683561358e+00
4.444266905623065790e-03 2.021740246100359855e+03 1.264276278246376561e+00
4.531829277531293325e-03 2.023564389381471983e+03 1.264182759732716210e+00
4.630378973513048051e-03 2.025509410272054311e+03 1.264090306232414029e+00
4.699547326295054443e-03 2.026789507597283773e+03 1.264033108788772619e+00
4.824284835643979225e-03 2.028961250590527925e+03 1.263944863839569610e+00
4.873472436745933910e-03 2.029767537105482461e+03 1.263915083407341600e+00
5.026310871865155572e-03 2.032103026366039103e+03 1.263839219364659705e+00
5.053834325453326719e-03 2.032496311411597617e+03 1.263828172660417692e+00
5.236797129798301947e-03 2.034927420983550974e+03 1.263772425694942525e+00
5.456097897201345366e-03 2.037428037474959183e+03 1.263743033628045520e+00
5.635967249640928996e-03 2.039181920852754274e+03 1.263745342215103040e+00
5.684582298301005081e-03 2.039616890328198679e+03 1.263749573344850718e+00
5.844548238049469650e-03 2.040912657331762148e+03 1.263773478349262236e+00
5.922634915097928394e-03 2.041485636790854187e+03 1.263790123129431064e+00
6.060848580882622141e-03 2.042401796559921422e+03 1.263827086171021019e+00
6.170656434690201426e-03 2.043049487755700056e+03 1.263862444851413525e+00
6.285153963011225371e-03 2.043653999872648910e+03 1.263904515940477591e+00
6.429064323704647248e-03 2.044316934691721826e+03 1.263963988897783608e+00
6.517760642190963648e-03 2.044675937543063355e+03 1.264003952426369315e+00
6.698293530971313921e-03 2.045300328744959188e+03 1.264091907930427361e+00
6.758975840353282152e-03 2.045479021867965685e+03 1.264123250628917505e+00
6.978797219623736857e-03 2.046013034748330028e+03 1.264243101363284438e+00
7.009118149377543266e-03 2.046073236105220303e+03 1.264260276717398490e+00
7.271047529857284884e-03 2.046481036392070337e+03 1.264414149702364654e+00
7.537517857578043823e-03 2.046687394670641879e+03 1.264577640047605422e+00
7.575536373629454534e-03 2.046703063154428492e+03 1.264601366752006850e+00
7.816473155797851180e-03 2.046736926076361442e+03 1.264752883863339061e+00
7.892776262639726592e-03 2.046724433368232894e+03 1.264801058233256503e+00
8.105752284736901514e-03 2.046637985228461730e+03 1.264935468887164571e+00
8.223301170982714667e-03 2.046560490565349028e+03 1.265009242993099026e+00
8.405737318087287344e-03 2.046407731292809785e+03 1.265122679400408012e+00
8.567667433926399317e-03 2.046241483035408919e+03 1.265221809186604984e+00
8.716824469670878331e-03 2.046067858357527030e+03 1.265311614784091931e+00
8.926454684328533409e-03 2.045801865356525923e+03 1.265434758750867417e+00
9.039424616750075386e-03 2.045643319580281286e+03 1.265499592707885368e+00
9.300266828267194155e-03 2.045248159955121992e+03 1.265644275618420966e+00
9.373963842705718488e-03 2.045140769314302133e+03 1.265683847268459283e+00
9.689733061527717670e-03 2.044630487532448569e+03 1.265846474317573023e+00
1.009550892865692696e-02 2.043973058077068572e+03 1.266037969387831197e+00
1.045371688397575376e-02 2.043409700011411587e+03 1.266189802727904601e+00
1.051827742636726216e-02 2.043310038879207241e+03 1.266215388561069410e+00
1.084059752107342962e-02 2.042823309013906965e+03 1.266335645745041871e+00
1.095875015314812240e-02 2.042644222991074230e+03 1.266376570234388543e+00
1.124179618773153179e-02 2.042258608566023895e+03 1.266467567098224167e+00
1.141766850701915817e-02 2.042022755277182796e+03 1.266519201169671094e+00
1.165784277857604030e-02 2.041727500445988198e+03 1.266583975229367054e+00
1.189580493344194294e-02 2.041455346610657443e+03 1.266642137577551619e+00
1.208928679905392316e-02 2.041250259239419847e+03 1.266684840944662493e+00
1.239396422549021021e-02 2.040957185938506882e+03 1.266744485572331103e+00
1.253669809120819267e-02 2.040831409899072469e+03 1.266769602519981053e+00
1.291298487846718503e-02 2.040539199958373501e+03 1.266826973363693876e+00
1.300066758631309577e-02 2.040478886203974071e+03 1.266838486728196989e+00
1.345374050125007666e-02 2.040203349606585562e+03 1.266890465415630995e+00
1.401714128673726099e-02 2.039948730076199126e+03 1.266936952914897718e+00
1.449816753408444785e-02 2.039794776146340837e+03 1.266964034180185550e+00
1.460413554387334986e-02 2.039774099979792709e+03 1.266968884979643217e+00
1.503472886959692986e-02 2.039688279386970407e+03 1.266982515358931582e+00
1.521571129383043029e-02 2.039657010324065595e+03 1.266987773197663536e+00
1.559114775373341040e-02 2.039599919315823627e+03 1.266997325204661351e+00
1.585289793303267664e-02 2.039577823339773659e+03 1.267000814950821619e+00
1.616815909266631351e-02 2.039555455871786535e+03 1.267004531704195802e+00
1.651676796582313492e-02 2.039531373264151171e+03 1.267008287081336615e+00
1.676652499064234386e-02 2.039522140474432035e+03 1.267010802835142558e+00
1.720843880968920755e-02 2.039489577067026630e+03 1.267014797458780651e+00
1.738703575655346084e-02 2.039481270923359034e+03 1.267016280708417320e+00
1.792907467608537142e-02 2.039438724364186328e+03 1.267022368232068930e+00
1.803051094776001242e-02 2.039430103920776219e+03 1.267023680219843573e+00
1.867988853001887814e-02 2.039377149176977355e+03 1.267031090105335212e+00
1.946214413169696303e-02 2.039273127980600748e+03 1.267044655056734470e+00
2.010738038721767221e-02 2.039134323589096994e+03 1.267061415063799990e+00
2.027715816367153465e-02 2.039090772383572812e+03 1.267066707450898555e+00
2.085153256016359508e-02 2.038895914654990065e+03 1.267088768559251344e+00
2.112630244706242139e-02 2.038777104869928735e+03 1.267101964408251957e+00
2.162322499175266949e-02 2.038510861628110888e+03 1.267131262389457280e+00
2.201100625058899016e-02 2.038245592909505831e+03 1.267160337025227568e+00
2.242347691685876027e-02 2.037896902025046757e+03 1.267198554252618070e+00
2.293275869629682329e-02 2.037354597017132392e+03 1.267258325360830717e+00
2.325334529112450810e-02 2.036939511718104313e+03 1.267304572190181000e+00
2.389311126602877006e-02 2.035911772934322471e+03 1.267420680644931297e+00
2.411392618696573883e-02 2.035488695513248786e+03 1.267469249512393814e+00
2.489368041285921346e-02 2.033658874246285450e+03 1.267682812266447856e+00
2.500635624124051409e-02 2.033348565026661390e+03 1.267719689818900042e+00
2.593615028188698754e-02 2.030264137746579991e+03 1.268092530371050408e+00
2.689152225776752711e-02 2.026011720610892553e+03 1.268624842656559837e+00
2.702227554496692760e-02 2.025334405525774628e+03 1.268711229489289716e+00
2.788674810701155526e-02 2.020225813144144468e+03 1.269374772290172482e+00
2.815388435415063645e-02 2.018414670786828992e+03 1.269614590753718408e+00
2.891880617726224137e-02 2.012581230152335365e+03 1.270401110479594031e+00
2.933288141880865951e-02 2.009009009650062808e+03 1.270892495707680370e+00
2.998905958876541336e-02 2.002728483545182144e+03 1.271772448591808935e+00
3.056125121161271455e-02 1.996615523589116719e+03 1.272646816471318276e+00
3.109892190935747286e-02 1.990326666416752005e+03 1.273563958899175619e+00
3.184106130877452367e-02 1.980774087578522312e+03 1.274988411444816450e+00
3.224985902147554928e-02 1.975085122378429105e+03 1.275854145877686863e+00
3.317446587016346232e-02 1.961132700782254233e+03 1.278030281259587175e+00
3.344339105826374392e-02 1.956805956944621812e+03 1.278720747020898774e+00
3.456370926516065534e-02 1.937550255751807981e+03 1.281876961513578772e+00
3.601112985035283959e-02 1.910243277426371833e+03 1.286605996585156175e+00
3.729561449452572369e-02 1.884539571544750515e+03 1.291362090513500149e+00
3.751916390542366780e-02 1.880004362570564126e+03 1.292236566117116903e+00
3.867588442690826633e-02 1.856690952712141552e+03 1.296936339208256239e+00
3.909034973386855266e-02 1.848546022783272520e+03 1.298675227477810168e+00
4.010723664100300512e-02 1.829563865862462535e+03 1.302996791471267679e+00
4.072733193543435354e-02 1.819055338482181241e+03 1.305623887340179978e+00
4.159156163622874242e-02 1.806400150224064873e+03 1.309187233982387122e+00
4.243286585747559764e-02 1.797099559182350276e+03 1.312435847072138007e+00
4.313081987732161199e-02 1.792338229239575185e+03 1.314866677321766986e+00
4.420982223271963801e-02 1.791777128033146255e+03 1.317935011559489000e+00
4.448972833790081072e-02 1.793232407625516089e+03 1.318558595020230984e+00
4.477140661550342571e-02 1.795448779670771955e+03 1.319102840284990252e+00
4.505486828570108571e-02 1.798485125454076297e+03 1.319560392060938447e+00
4.534012463970578388e-02 1.802401681349904038e+03 1.319924245557318354e+00
4.562718704021768990e-02 1.807257665490060162e+03 1.320187246256182112e+00
4.591606692187774619e-02 1.813114307291519481e+03 1.320342965406521518e+00
4.606119201124692780e-02 1.816438446395774690e+03 1.320378570468147217e+00
4.609474750333436566e-02 1.817243791441942449e+03 1.320382670912618739e+00
4.612832744053492473e-02 1.818061958766823409e+03 1.320385236267241025e+00
4.616193184065682520e-02 1.818897888066038377e+03 1.320386196045636673e+00
4.619556072152125603e-02 1.819747669232673616e+03 1.320385569364203260e+00
4.620677579172317168e-02 1.820034284904205379e+03 1.320385034812777247e+00
4.622921410096239581e-02 1.820612155184365292e+03 1.320383382007941364e+00
4.626289199682741271e-02 1.821491920694276132e+03 1.320379592025459958e+00
4.629659442697645066e-02 1.822385555193957543e+03 1.320374166987149378e+00
4.633032140928273340e-02 1.823295182114809222e+03 1.320367169025040699e+00
4.636407296163244651e-02 1.824220840890989848e+03 1.320358609064366417e+00
4.639784910192480683e-02 1.825162187914693504e+03 1.320348199353120755e+00
4.643164984807209711e-02 1.826117106470651834e+03 1.320336297380341639e+00
4.646547521799963137e-02 1.827095093786608686e+03 1.320322755313610097e+00
4.649932522964578957e-02 1.828076042072220616e+03 1.320307509015527403e+00
4.679372688885333198e-02 1.837309275297343675e+03 1.320104908302689228e+00
4.708999249633358253e-02 1.847775922259934305e+03 1.319772004075735694e+00
4.738813385332153738e-02 1.859555834981762018e+03 1.319303884695306905e+00
4.768816283576948756e-02 1.872711368558971117e+03 1.318695768359704257e+00
4.799009139482002945e-02 1.887295400941319940e+03 1.317942846121833878e+00
4.999976708203374143e-02 2.022190583210170416e+03 1.309126167637211902e+00
5.172495804407288567e-02 2.200062587655936113e+03 1.295464944401138130e+00
5.209360173311668868e-02 2.247301320133993158e+03 1.291628788270472006e+00
5.363924221151732813e-02 2.491284755249564569e+03 1.270764723563577059e+00
5.427511966358137402e-02 2.618461774696720113e+03 1.259248844328412220e+00
5.562437194389400347e-02 2.962072760443847983e+03 1.226064227831766607e+00
5.654799277630663534e-02 3.279552510786755192e+03 1.192806179146729928e+00
5.768296915813454079e-02 3.819098193516820629e+03 1.130945448212132831e+00
5.891604674203728548e-02 4.753609996405315542e+03 1.010537595142543488e+00
5.981775280545073570e-02 5.961036029215364579e+03 8.398140222004928379e-01
6.003892917648175065e-02 6.402627238138575194e+03 7.759999822962750926e-01
6.026092334799516836e-02 6.951485152936320446e+03 6.973907793181872705e-01
6.048373834381148839e-02 7.666077279423401706e+03 5.981060985420946219e-01
6.070737719893167655e-02 8.669203868368083931e+03 4.681093480710833976e-01
6.093184295957869423e-02 1.028278062607090033e+04 2.869620934127687373e-01
6.096397717744400646e-02 1.060286314047051383e+04 2.545006978756208516e-01
6.099612834224388963e-02 1.095025034637916178e+04 2.196896903081964059e-01
6.102829646291587501e-02 1.131380726292031068e+04 1.821934609395723104e-01
6.106048154840208048e-02 1.164162982779364211e+04 1.416427576167029745e-01
6.109268360764947420e-02 1.170546253753550445e+04 9.810680051732588447e-02
6.112490264960960401e-02 1.041219273128866371e+04 5.515508780918738918e-02
6.115713868323887498e-02 5.855888853966217539e+03 3.027835532043500477e-02
6.118939171749831346e-02 2.831459051245105456e+03 2.530935054051199409e-02
6.122166176135368509e-02 1.721888272792623411e+03 2.430707425406512801e-02
6.125394882377555722e-02 1.214834150552831943e+03 2.398365880415188889e-02
6.128625291373915318e-02 9.331073062610104216e+02 2.385273411393101090e-02
6.131857404022444252e-02 7.557050315751740754e+02 2.379739445000080000e-02
6.135091221221612018e-02 6.343281629701481279e+02 2.377831898145778972e-02
6.138326743870370361e-02 5.462089958475281719e+02 2.377910869001455610e-02
6.147546170292549766e-02 3.911809596418390242e+02 2.383388125783405045e-02
6.156779443782028904e-02 3.047148996165751100e+02 2.392354131917160884e-02
6.166026585136342303e-02 2.496950057403257972e+02 2.402832915606513409e-02
6.175287615184250900e-02 2.116328259524825341e+02 2.414121486801318675e-02
6.184562554785802413e-02 1.837590223177046767e+02 2.425911769859949094e-02
6.193851424832371583e-02 1.624736882261660185e+02 2.438046978773677001e-02
6.203154246246720543e-02 1.456911611034818748e+02 2.450439061537497062e-02
6.230257319739933991e-02 1.123650549951826321e+02 2.487478758977988702e-02
6.257478813082725799e-02 9.175094880784202189e+01 2.525663353761005078e-02
6.284819243679920509e-02 7.775004334566648367e+01 2.564755693599247988e-02
6.312279131196998905e-02 6.762556434875664024e+01 2.604655184779924165e-02
6.339858997569984556e-02 5.996707275359459999e+01 2.645311173858342843e-02
6.367559367015367122e-02 5.397376361610577788e+01 2.686697608350241059e-02
6.395380766040070775e-02 4.915781923450862223e+01 2.728801045159465546e-02
6.432726205525797492e-02 4.403274135077380436e+01 2.786137243868135049e-02
6.663199410731633632e-02 2.800571157300691283e+01 3.159888558884372395e-02
6.942233466837838263e-02 2.072707911030040506e+01 3.656880405384332899e-02
7.173688705554932821e-02 1.769511014205788513e+01 4.105571746396673161e-02
7.232952600887482264e-02 1.713270571675385412e+01 4.225747176037349118e-02
7.439179084484150162e-02 1.559871087903546538e+01 4.660690729013278882e-02
7.535846147582034305e-02 1.504777333306049236e+01 4.873510920357995713e-02
7.714494972185362287e-02 1.422614556566737498e+01 5.281805681156991061e-02
7.851423933437499947e-02 1.372756663754904416e+01 5.607881761079800548e-02
7.999999999999998779e-02 1.328317116205075621e+01 5.974541461872120984e-02
8.180217134917827648e-02 1.284807477815039611e+01 6.437163531256351323e-02
8.522779172504357792e-02 1.224569794203001472e+01 7.370205712401865783e-02
8.879686642205950053e-02 1.182886382416209159e+01 8.416359350768697067e-02
9.251540286078023534e-02 1.154227490757481256e+01 9.585467744967747505e-02
9.638966003383826753e-02 1.135051944902862786e+01 1.088766171756344187e-01
1.004261590410001764e-01 1.122981077042806675e+01 1.233346744370257958e-01
1.046316940653977262e-01 1.116352047325101893e+01 1.393371902837811649e-01
1.090133438094092466e-01 1.113964016948561131e+01 1.569945396729336973e-01
1.135784834094410584e-01 1.114924439228106934e+01 1.764182104572792620e-01
1.183347968496608754e-01 1.118552299638170666e+01 1.977195830165027757e-01
1.232902898955817450e-01 1.124315223315541878e+01 2.210088999538577514e-01
1.284533035692632386e-01 1.131788645522398262e+01 2.463936183301659588e-01
1.338325281888124163e-01 1.140627013397562628e+01 2.739769639536709378e-01
1.394370179958151768e-01 1.150543541677627069e+01 3.038560021794012855e-01
1.452762063953189076e-01 1.161296136861486161e+01 3.361198975568335801e-01
1.513599218340193897e-01 1.172677560686110709e+01 3.708475247210976655e-01
1.576984043433740101e-01 1.184507276108716312e+01 4.081052994551547797e-01
1.643023227754919213e-01 1.196625860335738878e+01 4.479446303197071599e-01
1.711827927608082500e-01 1.208891131675055597e+01 4.903990495530546889e-01
1.783513954177698979e-01 1.221174360902298339e+01 5.354818521928248476e-01
1.858201968460251319e-01 1.233358406552532216e+01 5.831827177168132925e-01
1.936017684359265523e-01 1.245335542884414615e+01 6.334650612257382019e-01
2.017092080285349809e-01 1.257006241659211021e+01 6.862631118590044599e-01
2.101561619617345056e-01 1.268278099471834963e+01 7.414791295146774264e-01
2.189568480395741590e-01 1.279065303688360089e+01 7.989810864121902334e-01
2.281260794634921152e-01 1.289288416899498912e+01 8.586008318670560469e-01
2.376792897657056536e-01 1.298874002997672505e+01 9.201327986140951376e-01
2.476325587867335976e-01 1.307754925297589921e+01 9.833337065102062402e-01
2.580026397407768624e-01 1.315870557988475120e+01 1.047923294218319423e+00
2.688069874145121996e-01 1.323167211664935650e+01 1.113586529387540880e+00
2.800637875467665294e-01 1.329598603807905732e+01 1.179976867616659542e+00
2.917919874385149215e-01 1.335126428430944578e+01 1.246721265126271350e+00
3.040113278447357237e-01 1.339720822091437036e+01 1.313426581570309004e+00
3.167423762017944622e-01 1.343360779707861319e+01 1.379686963906204378e+00
3.300065612462878550e-01 1.346034534127775650e+01 1.445092543431650389e+00
3.438262090836173290e-01 1.347739580267132276e+01 1.509238528901939880e+00
3.582245807670009774e-01 1.348482717071940229e+01 1.571734277903062527e+00
3.732259114501818020e-01 1.348279654136806371e+01 1.632212331022249163e+00
3.888554511797220892e-01 1.347154406006940164e+01 1.690336267022638728e+00
4.051395073955590953e-01 1.345138709859839388e+01 1.745807281379518683e+00
4.221054892113486612e-01 1.342270982294800241e+01 1.798369541049885889e+00
4.397819535491319654e-01 1.338595284968853072e+01 1.847813208782504990e+00
4.581986532059789674e-01 1.334160244839408804e+01 1.893976100512686500e+00
4.773865869335123802e-01 1.329017799175021608e+01 1.936743461472245409e+00
4.973780516146104613e-01 1.323222214887689674e+01 1.976046084788133150e+00
5.182066966250991058e-01 1.316828877726097780e+01 2.011857485164075587e+00
5.399075804719508653e-01 1.309893467444095982e+01 2.044189890187793956e+00
5.625172298033122020e-01 1.302471067923986148e+01 2.073089601378751645e+00
5.860737008896862443e-01 1.294615425961578836e+01 2.098632281071505457e+00
6.106166436797575425e-01 1.286378472343638180e+01 2.120917825751677643e+00
6.361873685386737476e-01 1.277809854589824035e+01 2.140065669525559766e+00
6.628289157811247945e-01 1.268956631080440012e+01 2.156210236294782145e+00
6.905861281162389842e-01 1.259863090052775370e+01 2.169496851515779756e+00
7.195057261262577386e-01 1.250570599658004056e+01 2.180078061084943286e+00
7.496363869060175267e-01 1.241117644232548045e+01 2.188110550510808050e+00
7.810288259956077450e-01 1.231539805188937287e+01 2.193752413158466030e+00
8.137358827441152354e-01 1.221869860626116200e+01 2.197161050268559901e+00
8.188878971626780690e-01 1.220375947915323778e+01 2.197497141442831481e+00
8.240725305834649683e-01 1.218880680204901346e+01 2.197784617875905955e+00
8.292899895275025468e-01 1.217384167885840718e+01 2.198024024980887781e+00
8.345404818233658206e-01 1.215886481020370447e+01 2.198215902006175781e+00
8.398242166154573640e-01 1.214387746830088588e+01 2.198360806896334285e+00
8.451414043723374236e-01 1.212888048489661941e+01 2.198459290977206049e+00
8.478126092481341747e-01 1.212137874258865367e+01 2.198491291687615146e+00
8.504922568951085449e-01 1.211387504181413455e+01 2.198511892827186287e+00
8.513184665364671444e-01 1.211156576533765161e+01 2.198515948909666839e+00
8.521454787981505019e-01 1.210925632021910658e+01 2.198518930441800912e+00
8.529732944598631406e-01 1.210694677480313430e+01 2.198520851562229872e+00
8.538019143020671997e-01 1.210463695870771339e+01 2.198521694101063684e+00
8.546313391059825459e-01 1.210232704189169617e+01 2.198521477194735230e+00
8.554615696535883274e-01 1.210001695554845647e+01 2.198520195829730017e+00
8.558769873258513794e-01 1.209886181304218766e+01 2.198519154674218878e+00
8.562926067276234177e-01 1.209770667898945362e+01 2.198517851862385797e+00
8.571244511115866382e-01 1.209539627182576638e+01 2.198514450902493866e+00
8.579571035897384235e-01 1.209308578616508356e+01 2.198509993725722644e+00
8.587905649471007097e-01 1.209077498887719493e+01 2.198504476508736705e+00
8.596248359694582675e-01 1.208846417307047183e+01 2.198497914377676388e+00
8.604599174433591458e-01 1.208615312312376844e+01 2.198490291617468895e+00
8.612958101561154489e-01 1.208384199443803553e+01 2.198481624988699590e+00
8.667489412354627554e-01 1.206881635444610801e+01 2.198399819455920223e+00
8.722365977800659032e-01 1.205378588161072706e+01 2.198274298640749524e+00
8.777589983813605112e-01 1.203875146382036654e+01 2.198105558264240589e+00
8.833163630147523593e-01 1.202371398481471054e+01 2.197894147360476058e+00
9.203069035049585844e-01 1.192595529998097348e+01 2.195515663857551036e+00
9.588464927200039956e-01 1.182833178683767983e+01 2.191496192839986090e+00
9.989999999999999991e-01 1.173105123258041260e+01 2.185969897812257035e+00
