# nc[fm^-3] R[km] M[Msun]  (dense TOV, p_surf=1e-17 MeV/fm^3)
3.500000000000000434e-12 2.047835351103489302e+04 2.818106132221845361e-02
3.944071635667889366e-12 2.033273228168922287e+04 3.030826416795204953e-02
4.444486019222852164e-12 2.017267846345468934e+04 3.256246993581550508e-02
5.008391783868403319e-12 1.999957935007080232e+04 3.495169742735559915e-02
5.643844564304992228e-12 1.981473293674060915e+04 3.748433161452175560e-02
6.359922074912490725e-12 1.961934957223209858e+04 4.016918997903039246e-02
7.166853788777263465e-12 1.941454979602228923e+04 4.301547027697992520e-02
8.076167070084386552e-12 1.920136848988097699e+04 4.603279864697149004e-02
9.100851847438572425e-12 1.898077699172121356e+04 4.923121967935249060e-02
1.025554618054233838e-11 1.875366717413707738e+04 5.262122264619047834e-02
1.155674537113119808e-11 1.852086840156273320e+04 5.621372386927708797e-02
1.302303760540420968e-11 1.828314706174024832e+04 6.002008629845419219e-02
1.467536949420314777e-11 1.804121105983468806e+04 6.405211275483863043e-02
1.653734530429505548e-11 1.779571327828870926e+04 6.832205087393281029e-02
1.863556415540448125e-11 1.754725643479379141e+04 7.284259016480280902e-02
2.100000000000001149e-11 1.729639312747200529e+04 7.762683365032671534e-02
2.200000000000001773e-11 1.719815659725535807e+04 7.956430976109217512e-02
2.369790498816797811e-11 1.704063383505418096e+04 8.274993040526749943e-02
2.552685003764710491e-11 1.688256147515274279e+04 8.604839851615836421e-02
2.749694849269875928e-11 1.672404386807973788e+04 8.946314112482818548e-02
2.961909422020560945e-11 1.656517822958177203e+04 9.299764205023042241e-02
3.190502184845577977e-11 1.640605909218968009e+04 9.665544060358242928e-02
3.436737165500581893e-11 1.624677603151736912e+04 1.004401197485523117e-01
3.701975946242656658e-11 1.608741004838872868e+04 1.043552945732579701e-01
3.987685192842802383e-11 1.592804283695330378e+04 1.084046351644685630e-01
4.295444764668770191e-11 1.576874757015214709e+04 1.125918287923585587e-01
4.626956450683817567e-11 1.560959506301743204e+04 1.169205943994937463e-01
4.984053379667997859e-11 1.545064967478309154e+04 1.213946791249007062e-01
5.368710156696800740e-11 1.529197529890439000e+04 1.260178225425098442e-01
5.783053781927868093e-11 1.513362769768976614e+04 1.307937935145530028e-01
6.229375412072363169e-11 1.497566397858314303e+04 1.357263438080715534e-01
6.710143029587322959e-11 1.481813559096367862e+04 1.408192189220657253e-01
7.228015089644448172e-11 1.466108954515980804e+04 1.460761450474567236e-01
7.785855220338111462e-11 1.450456975921599224e+04 1.515008144359372422e-01
8.386748057418367041e-11 1.434861939358896234e+04 1.570968704037281616e-01
9.034016301109210948e-11 1.419327910342178075e+04 1.628679232619085759e-01
9.731239089329390948e-11 1.403858333067109561e+04 1.688174984405057810e-01
1.048227178891245539e-10 1.388456610255609849e+04 1.749490476758457091e-01
1.129126731426366978e-10 1.373126040437953088e+04 1.812659337839355456e-01
1.216269909133758359e-10 1.357869682341839325e+04 1.877714167628403430e-01
1.310138579391794639e-10 1.342689792831286832e+04 1.944686167248876330e-01
1.411251798898186032e-10 1.327589298261525255e+04 2.013605373011742306e-01
1.520168683848651254e-10 1.312570527347218012e+04 2.084500215070594908e-01
1.637491501628803061e-10 1.297635370291983418e+04 2.157397424834988919e-01
1.763869001115084363e-10 1.282785790169579013e+04 2.232321859152916754e-01
1.899999999999999643e-10 1.268024067141337946e+04 2.309296372884943327e-01
2.000000000000000331e-10 1.257891023504285113e+04 2.363610432188090194e-01
2.116359740225662574e-10 1.246769220892906924e+04 2.424640908167847997e-01
2.239489275024007795e-10 1.235700316674498936e+04 2.486884341226877071e-01
2.369782470163983077e-10 1.224685044672765252e+04 2.550347231405208914e-01
2.507656106473777484e-10 1.213723446618230264e+04 2.615035200385523728e-01
2.653551213036069985e-10 1.202816379237906585e+04 2.680952764607600347e-01
2.807934477948242537e-10 1.191964504279360517e+04 2.748103599647370721e-01
2.971299741160611789e-10 1.181167772640217481e+04 2.816490129353337868e-01
3.144169574167612574e-10 1.170426789572301277e+04 2.886113847673097976e-01
3.327096951605400072e-10 1.159742186190880966e+04 2.956974986103230729e-01
3.520667020102584628e-10 1.149113765400167904e+04 3.029072554593703059e-01
3.725498970042681041e-10 1.138542296095087113e+04 3.102404527679691881e-01
3.942248016225234975e-10 1.128027890027262220e+04 3.176967373551545237e-01
4.171607493761785523e-10 1.117570628598981057e+04 3.252756482819678108e-01
4.414311075910559551e-10 1.107171153059284006e+04 3.329765733304150821e-01
4.671135120944649190e-10 1.096829117422961826e+04 3.407987791134584610e-01
4.942901155560692217e-10 1.086545310157383938e+04 3.487413824873031865e-01
5.230478502771755108e-10 1.076319334834148322e+04 3.568033690562667504e-01
5.534787062690971567e-10 1.066151832923641450e+04 3.649835728955681535e-01
5.856800255100487636e-10 1.056042460398594267e+04 3.732806818620734712e-01
6.197548133219030336e-10 1.045991771048714327e+04 3.816932466844851768e-01
6.558120678627705940e-10 1.035999510020191519e+04 3.902196750763330391e-01
6.939671287894539180e-10 1.026066003315462331e+04 3.988582054738686322e-01
7.343420462049956468e-10 1.016191181588299696e+04 4.076069389381303809e-01
7.770659710715930689e-10 1.006375080387022535e+04 4.164638358881889713e-01
8.222755683376360010e-10 9.966179552750700168e+03 4.254267025875560493e-01
8.701154541004740768e-10 9.869195422315027827e+03 4.344931907389412706e-01
9.207386582032068490e-10 9.772801573527434812e+03 4.436608223724756717e-01
9.743071137453278866e-10 9.676996278536704267e+03 4.529269597872634390e-01
1.030992175073038646e-09 9.581780075087372097e+03 4.622888398296375878e-01
1.090975165906128757e-09 9.487153832254569352e+03 4.717435493725087858e-01
1.154447959354871801e-09 9.393115957651096323e+03 4.812880352068977241e-01
1.221613591682156303e-09 9.299667899444906652e+03 4.909191218153273750e-01
1.292686911774293415e-09 9.206809217303029072e+03 5.006335109940968087e-01
1.367895268397873187e-09 9.114538520717147549e+03 5.104277704373106905e-01
1.447479237441217666e-09 9.022857108395606701e+03 5.202983520584070209e-01
1.531693391466561568e-09 8.931764073789063332e+03 5.302415780820317615e-01
1.620807114034767886e-09 8.841258643225733977e+03 5.402537041777623061e-01
1.715105461407256449e-09 8.751341485258180910e+03 5.503308360941701061e-01
1.814890074381738067e-09 8.662011321835399940e+03 5.604690105710459225e-01
1.920480143178334149e-09 8.573267967995974686e+03 5.706641701333666772e-01
2.032213428462712680e-09 8.485111617376334834e+03 5.809121694010164205e-01
2.150447341772216154e-09 8.397540907345328378e+03 5.912087947447741687e-01
2.275560088801006806e-09 8.310555795141668568e+03 6.015497601918463610e-01
2.407951879201392111e-09 8.267411085935475057e+03 6.067201104513493259e-01
2.548046206771266304e-09 8.267411085935236770e+03 6.067201104513820775e-01
2.696291204122710744e-09 8.267411085935000301e+03 6.067201104514088339e-01
2.853161076164927587e-09 8.254451385053511331e+03 6.077566093602752018e-01
3.019157616987188893e-09 8.203069653884323998e+03 6.099990088434287250e-01
3.194811814993655496e-09 8.142930735524335432e+03 6.114965252001247631e-01
3.380685551424924964e-09 8.076368344214664830e+03 6.126314628237428117e-01
3.577373397699137436e-09 8.004637204683189339e+03 6.135813326502622678e-01
3.785504517322370532e-09 7.928616106567091265e+03 6.144544715873502261e-01
4.005744678451722648e-09 7.848991476201936166e+03 6.153248746412920411e-01
4.238798383549190993e-09 7.766331953936891296e+03 6.162464315071818355e-01
4.485411122938543563e-09 7.681125626876215392e+03 6.172571640173744045e-01
4.746371759473755968e-09 7.593802078969223658e+03 6.183875737386016480e-01
5.022515051947149884e-09 7.504741710637837059e+03 6.196585673468485433e-01
5.314724325309152301e-09 7.414287817367018761e+03 6.210874514540939417e-01
5.623934296241143399e-09 7.322748130364829194e+03 6.226845187368769130e-01
5.951134063119525767e-09 7.230400786562580834e+03 6.244572405765461687e-01
6.297370269935864864e-09 7.137498722551256833e+03 6.264104492906693578e-01
6.663750454293111228e-09 7.044268338623571253e+03 6.285458011882212315e-01
7.051446590188204262e-09 6.950916144809012621e+03 6.308633081728758363e-01
7.461698836912889361e-09 6.857620119028890258e+03 6.333591550899463352e-01
7.895819506065545427e-09 6.764550077293583854e+03 6.360315647588326016e-01
8.355197259362798011e-09 6.671847233602296001e+03 6.388743069884614822e-01
8.841301550679572445e-09 6.579640077396493325e+03 6.418815336226246782e-01
9.355687326526445557e-09 6.488044270337424678e+03 6.450472279048170554e-01
9.900000000000014203e-09 6.397154420111527543e+03 6.483630215835232136e-01
1.000000000000000021e-08 6.381079793995854743e+03 6.489670832153648927e-01
1.041876888099251082e-08 6.315744878051410524e+03 6.514806345071566529e-01
1.085507449955379480e-08 6.250859486671280138e+03 6.540648112528865132e-01
1.130965123968064280e-08 6.186450331946241022e+03 6.567169429100964129e-01
1.178326423908628096e-08 6.122540077331001157e+03 6.594339045458570414e-01
1.227671067707040464e-08 6.059144931795123739e+03 6.622120097487184109e-01
1.279082111632096276e-08 5.996281877389729743e+03 6.650480640507553387e-01
1.332646090090667535e-08 5.933967209910141719e+03 6.679391205204612270e-01
1.388453161281298914e-08 5.872209136797787323e+03 6.708812674271743548e-01
1.446597258947327289e-08 5.811022170724728312e+03 6.738720183091164717e-01
1.507176250484947832e-08 5.750407646815521730e+03 6.769070471592920635e-01
1.570292101672351711e-08 5.690378058634194531e+03 6.799841160208629498e-01
1.636051048297222689e-08 5.630934289526402608e+03 6.830994658532002495e-01
1.704563774971427733e-08 5.572082120795674200e+03 6.862503632744756388e-01
1.775945601433943418e-08 5.513821784199855756e+03 6.894334549208950280e-01
1.850316676655550019e-08 5.456156968101963685e+03 6.926461298521174870e-01
1.927802181072032623e-08 5.399085856891246294e+03 6.958852722659362167e-01
2.008532537286278360e-08 5.342608478191978065e+03 6.991481474072955837e-01
2.092643629593920496e-08 5.286721494053424067e+03 7.024317925877180402e-01
2.180277032702031593e-08 5.231422041048820574e+03 7.057335066732991491e-01
2.271580250025861765e-08 5.176710147016092378e+03 7.090510572494957975e-01
2.366706961964663651e-08 5.122580324231425948e+03 7.123817084489308948e-01
2.465817284574576496e-08 5.069028178879397274e+03 7.157229983486905756e-01
2.569078039073905233e-08 5.016049917068980903e+03 7.190726846322212928e-01
2.676663032634446539e-08 4.963641430649059657e+03 7.224285695988548195e-01
2.788753350931475829e-08 4.911792360555651612e+03 7.257879290510510506e-01
2.905537662944844579e-08 4.860502987361075611e+03 7.291492953966685064e-01
3.027212538524145505e-08 4.809766202440799134e+03 7.325104681809306850e-01
3.153982779252571301e-08 4.759572364414448202e+03 7.358691542213779968e-01
3.286061763166296120e-08 4.709919960723781514e+03 7.392239433704899110e-01
3.423671803909638747e-08 4.660797705233973829e+03 7.425725461144638828e-01
3.567044524930523605e-08 4.612204250238950408e+03 7.459137205464317910e-01
3.716421249346085704e-08 4.564128340024964018e+03 7.492453955710172142e-01
3.872053406134622567e-08 4.516567902553029853e+03 7.525663893573986130e-01
4.034202953337646574e-08 4.469514271297965024e+03 7.558749879214446965e-01
4.203142818984235622e-08 4.422959181339910174e+03 7.591696149425581908e-01
4.379157360480009176e-08 4.376898665916612117e+03 7.624491305840966904e-01
4.562542843233842504e-08 4.331323503969114427e+03 7.657119993174923422e-01
4.753607939327985082e-08 4.286229216188026840e+03 7.689571471206584352e-01
4.952674247070924635e-08 4.241610098639122043e+03 7.721834551415297510e-01
5.160076832307556362e-08 4.197457180548898577e+03 7.753895891691577891e-01
5.376164792397638643e-08 4.153765971365538462e+03 7.785746392522565618e-01
5.601301843812007518e-08 4.110529885220506912e+03 7.817375684591862939e-01
5.835866934335452325e-08 4.067740260602905892e+03 7.848772455380428337e-01
6.080254880906737554e-08 4.025394576249660986e+03 7.879930443365984472e-01
6.334877034169394439e-08 3.983485779666146755e+03 7.910840310172052581e-01
6.600161970851822377e-08 3.942006308522607469e+03 7.941493041124809693e-01
6.876556215142101724e-08 3.900952390011952048e+03 7.971882589373747718e-01
7.164524990271817098e-08 3.860317072977298722e+03 8.002001086621253201e-01
7.464553001573719180e-08 3.820095555775544653e+03 8.031842456571511857e-01
7.777145252331551066e-08 3.780280295601603484e+03 8.061399464500381695e-01
8.102827893795061034e-08 3.740868196903940770e+03 8.090667836828623338e-01
8.442149110791007152e-08 3.701852625048334176e+03 8.119641543185032173e-01
8.795680044420776849e-08 3.663229950892462512e+03 8.148316567402104083e-01
9.164015753397800631e-08 3.624993679948319368e+03 8.176687661652950467e-01
9.547776215642615359e-08 3.587137805903858407e+03 8.204750183870785918e-01
9.947607371821772210e-08 3.549659663267942051e+03 8.232501515633185996e-01
1.036418221258683800e-07 3.512553492028656365e+03 8.259937861808834825e-01
1.079820191134358664e-07 3.475814309363475331e+03 8.287055885667613531e-01
1.125039700445804125e-07 3.439438068097275391e+03 8.313853171715412937e-01
1.172152862088588029e-07 3.403418793801722586e+03 8.340326477708528419e-01
1.221238976329488762e-07 3.367754751061422212e+03 8.366474930890492878e-01
1.272380664283680058e-07 3.332439097674336608e+03 8.392295468194124197e-01
1.325664006981538497e-07 3.297469040154226150e+03 8.417787243732238744e-01
1.381178690259109175e-07 3.262839880149964756e+03 8.442948510855524669e-01
1.439018155716160330e-07 3.228547901922997880e+03 8.467778347213551493e-01
1.499279757995876470e-07 3.194588610625806268e+03 8.492275677604910200e-01
1.562064928650939138e-07 3.160958836014364806e+03 8.516440186031448700e-01
1.627479346871819165e-07 3.127654353087256823e+03 8.540271269355949046e-01
1.695633117364612507e-07 3.094671328367789101e+03 8.563768672353978539e-01
1.766640955677874663e-07 3.062006906612327839e+03 8.586932721140815294e-01
1.840622381290351071e-07 3.029655858858626289e+03 8.609762920445561685e-01
1.917701918784624297e-07 2.997616657909255082e+03 8.632260499551109856e-01
1.998009307445287136e-07 2.965884308489678460e+03 8.654425342156797374e-01
2.081679719634435595e-07 2.934456819973342590e+03 8.676258706259677433e-01
2.168853988312047212e-07 2.903330492763904658e+03 8.697761314298193547e-01
2.259678844084200750e-07 2.872501070907679605e+03 8.718933824484008666e-01
2.354307162178159926e-07 2.841966807665250599e+03 8.739777909143945367e-01
2.452898219759960236e-07 2.811723804734421719e+03 8.760294646619458669e-01
2.555617964027700396e-07 2.781769004951759143e+03 8.780485505832067439e-01
2.662639291531724239e-07 2.752099963831040441e+03 8.800352152582880949e-01
2.774142339191861749e-07 2.722713989610843782e+03 8.819896427499280822e-01
2.890314787501594329e-07 2.693607466862320052e+03 8.839119871781689897e-01
3.011352176429409104e-07 2.664777868605960521e+03 8.858024477323191981e-01
3.137458234549179990e-07 2.636222479505568117e+03 8.876612304161906053e-01
3.268845221953469917e-07 2.607938786454419642e+03 8.894885516201613829e-01
3.405734287526987084e-07 2.579923981959809225e+03 8.912846222892069070e-01
3.548355841181537258e-07 2.552175465235061893e+03 8.930496792782705029e-01
3.696949941679020281e-07 2.524690360483666609e+03 8.947839414272555913e-01
3.851766700695245728e-07 2.497467108889386054e+03 8.964876851629863808e-01
4.013066703804673762e-07 2.470502344591889596e+03 8.981611384491824390e-01
4.181121449094732763e-07 2.443793794061737117e+03 8.998045530285423421e-01
4.356213804147851610e-07 2.417339455211626500e+03 9.014182114734927698e-01
4.538638482160563977e-07 2.391136499033808377e+03 9.030023666558705253e-01
4.728702538000957180e-07 2.365183076509208604e+03 9.045573052130900793e-01
4.926725885039467467e-07 2.339476700464965688e+03 9.060832980504555101e-01
5.133041833622939419e-07 2.314015249636657245e+03 9.075806317088153108e-01
5.347997652098341409e-07 2.288796725490831250e+03 9.090495995916904048e-01
5.571955151330321057e-07 2.263818334305833559e+03 9.104904746240587432e-01
5.805291293696627422e-07 2.239078218334517715e+03 9.119035638399756172e-01
6.048398827586317751e-07 2.214574572543348495e+03 9.132891600807049315e-01
6.301686948468791692e-07 2.190305329935622467e+03 9.146475719173445817e-01
6.565581987646330251e-07 2.166267776682681415e+03 9.159790821794455695e-01
6.840528129849454461e-07 2.142460603333368908e+03 9.172840104057645716e-01
7.126988160882938830e-07 2.118881821730506545e+03 9.185626624387223105e-01
7.425444246580906922e-07 2.095528958839803181e+03 9.198153324840491196e-01
7.736398744382203342e-07 2.072400508817717309e+03 9.210423412582213754e-01
8.060375048891882766e-07 2.049494479668455824e+03 9.222439893092521102e-01
8.397918472852324763e-07 2.026809015590473564e+03 9.234205948653770868e-01
8.749597165006595459e-07 2.004341932802034762e+03 9.245724522095162268e-01
9.116003066399082274e-07 1.982092034284650936e+03 9.256998925394573918e-01
9.497752906723106300e-07 1.960056814339756329e+03 9.268032044811899128e-01
9.895489242392288169e-07 1.938234982389598827e+03 9.278827157815832116e-01
1.030988153808329120e-06 1.916624580707254154e+03 9.289387231569881109e-01
1.074162729357014042e-06 1.895223995599091268e+03 9.299715463713993380e-01
1.119145321774684032e-06 1.874031102051636026e+03 9.309814794262591953e-01
1.166011645181442856e-06 1.853044774978661053e+03 9.319688447401698328e-01
1.214840584369129804e-06 1.832262703678613207e+03 9.329339326943252297e-01
1.265714327579184608e-06 1.811683609227337001e+03 9.338770596499693655e-01
1.318718504840836867e-06 1.791305851219861324e+03 9.347985225079565863e-01
1.373942332102465703e-06 1.771127568723125250e+03 9.356986249892982332e-01
1.431478761398744687e-06 1.751147382604291806e+03 9.365776657337836486e-01
1.491424637306294455e-06 1.731363395402247306e+03 9.374359422164528777e-01
1.553880859951233227e-06 1.711774163356550844e+03 9.382737483872946038e-01
1.618952554842979181e-06 1.692378363334814367e+03 9.390913840225707521e-01
1.686749249820135113e-06 1.673173952395474089e+03 9.398891323950043786e-01
1.757385059406348822e-06 1.654159590893657878e+03 9.406672865835389308e-01
1.830978876886404257e-06 1.635333796916602523e+03 9.414261324780638374e-01
1.907654574425868824e-06 1.616695045473773916e+03 9.421659538649564958e-01
1.987541211571125220e-06 1.598241723631291734e+03 9.428870327653592343e-01
2.070773252480739158e-06 1.579972465305217611e+03 9.435896464326732902e-01
2.157490792253797480e-06 1.561885645617655200e+03 9.442740723002451819e-01
2.247839792736174363e-06 1.543979929016933966e+03 9.449405806724291423e-01
2.341972328201630873e-06 1.526253743569626067e+03 9.455894437670187003e-01
2.440046841321268073e-06 1.508705679897171876e+03 9.462209280344959783e-01
2.542228409852210033e-06 1.491334419504573134e+03 9.468352977540727133e-01
2.648689024494328153e-06 1.474138132660268866e+03 9.474328107419488498e-01
2.759607878382786264e-06 1.457115927383242024e+03 9.480137289653979282e-01
2.875171668703633815e-06 1.440265993049945791e+03 9.485783040700338509e-01
2.995574910940072740e-06 1.423587211067708722e+03 9.491267890400736373e-01
3.121020266278434437e-06 1.407077898356183596e+03 9.496594285899004895e-01
3.251718882724871550e-06 1.390736940324861962e+03 9.501764691108874894e-01
3.387890750506962671e-06 1.374562923820846208e+03 9.506781545939817502e-01
3.529765072358430461e-06 1.358554216642942038e+03 9.511647151710597159e-01
3.677580649310229792e-06 1.342709928150457017e+03 9.516363947138468671e-01
3.831586282637365062e-06 1.327028302920770329e+03 9.520934161125668149e-01
3.992041192637995791e-06 1.311508160859812278e+03 9.525360110669013336e-01
4.159215454949697864e-06 1.296148240171892212e+03 9.529644011907648649e-01
4.333390455137293542e-06 1.280947206975613426e+03 9.533788110443830455e-01
4.514859362317441200e-06 1.265903612273357567e+03 9.537794505193315509e-01
4.703927622617064784e-06 1.251016197481850440e+03 9.541665388380196067e-01
4.900913473296375996e-06 1.236283924976665048e+03 9.545402859673132179e-01
5.106148478401709615e-06 1.221705177064221289e+03 9.549008924157533773e-01
5.319978086849899533e-06 1.207278774999729649e+03 9.552485676503390533e-01
5.542762213883380551e-06 1.193003445597969858e+03 9.555835077278046485e-01
5.774875846874931902e-06 1.178878064402538257e+03 9.559059080178154977e-01
6.016709676501581867e-06 1.164901155486860489e+03 9.562159626428998749e-01
6.268670754350119598e-06 1.151071654285315390e+03 9.565138586422512468e-01
6.531183178061088019e-06 1.137388174239230466e+03 9.567997827294247859e-01
6.804688805164463504e-06 1.123849641547365081e+03 9.570739160328803896e-01
7.089647996808562295e-06 1.110454659937865699e+03 9.573364356461211422e-01
7.247998942142962722e-06 1.103301049499263399e+03 9.574730450229912426e-01
7.386540392633994327e-06 1.097202123981107434e+03 9.575875182749351566e-01
7.409886737529646786e-06 1.096188520834419478e+03 9.576063630510788238e-01
9.447991683066044440e-06 1.092083660280638242e+03 9.574135287353547907e-01
9.533260054406587672e-06 1.091188215340808028e+03 9.570903548553822970e-01
9.843644173540456270e-06 1.087963545426979636e+03 9.553813785359227539e-01
1.025586535908465475e-05 1.083689801838136873e+03 9.523397403302765740e-01
1.061582920926029284e-05 1.079939653748547926e+03 9.492567848318040902e-01
1.068534908508802882e-05 1.079212924441761061e+03 9.486293445200905117e-01
1.100334551506879199e-05 1.075878900874824922e+03 9.456605819024611614e-01
1.113281825302569600e-05 1.074516839677207599e+03 9.444138958636327796e-01
1.140500757287721105e-05 1.071646644739066232e+03 9.417389969097157421e-01
1.159902603723695211e-05 1.069595452208790675e+03 9.397976302621550149e-01
1.182133175398819024e-05 1.067241166448885679e+03 9.375471351570907608e-01
1.208475715265862434e-05 1.064446855371440051e+03 9.348552305432712428e-01
1.225285327913164804e-05 1.062662201860909590e+03 9.331279482541802173e-01
1.259082917564713430e-05 1.059071570371368352e+03 9.296440544019562990e-01
1.270012690653712873e-05 1.057910273120983902e+03 9.285163101394209306e-01
1.311809392011249507e-05 1.053470848400717841e+03 9.242102346660359125e-01
1.366743887128048466e-05 1.047647135540122235e+03 9.185917989426748420e-01
1.414231620728840384e-05 1.042630341459895590e+03 9.137965672521410898e-01
1.423978867949645335e-05 1.041602938041344487e+03 9.128211983559395559e-01
1.465856209107141203e-05 1.037201864492216146e+03 9.086672398746153956e-01
1.483610671658470805e-05 1.035342316848059227e+03 9.069255139834486723e-01
1.519365282378984337e-05 1.031609968203408243e+03 9.034556020145934063e-01
1.545739669738367352e-05 1.028867889684076090e+03 9.009297826788261743e-01
1.574827631084408728e-05 1.025856381252468054e+03 8.981774217700323470e-01
1.610470436918570966e-05 1.022184402388086369e+03 8.948543981516602352e-01
1.632314556867901439e-05 1.019943981083425911e+03 8.928456827954900366e-01
1.677911927192562164e-05 1.015295047834950196e+03 8.887191607540256832e-01
1.691899964142835980e-05 1.013875937350113645e+03 8.874721621997747611e-01
1.748177657208003889e-05 1.008204090195567119e+03 8.825412347830327020e-01
1.821385897336514357e-05 1.000916935926452311e+03 8.763347567891468515e-01
1.884027180208078730e-05 9.947657783175362738e+02 8.712081561827800247e-01
1.897659870744829578e-05 9.934371465612979364e+02 8.701151418560667539e-01
1.952801012051587898e-05 9.881037324326654243e+02 8.657705235765406071e-01
1.977127960802450260e-05 9.857705594718461271e+02 8.638936923105917653e-01
2.024085338433667604e-05 9.813016527316400470e+02 8.603379185256062600e-01
2.059923927174874992e-05 9.779215214427279079e+02 8.576831077090177891e-01
2.097971801519075424e-05 9.743627947154858475e+02 8.549179759784131249e-01
2.146187130966147204e-05 9.698962934231226427e+02 8.514925590784621079e-01
2.174555388744266526e-05 9.672911213678904687e+02 8.495169181327534291e-01
2.236062769289669271e-05 9.616995669688141106e+02 8.453332762185448157e-01
2.253934554931969340e-05 9.600896848218386594e+02 8.441422791239890921e-01
2.329702119662114293e-05 9.533381439619000730e+02 8.392122572922683377e-01
2.427262794631792689e-05 9.448173849787536938e+02 8.331391181470572116e-01
2.509884776818593961e-05 9.377516723318919958e+02 8.282237834368904039e-01
2.528909007070058733e-05 9.361441201348654886e+02 8.271200818458546156e-01
2.601504683049692606e-05 9.300746273863268243e+02 8.230036415889049328e-01
2.634811846572319901e-05 9.273245640085173136e+02 8.211629718247622778e-01
2.696469048474824364e-05 9.222897428700630371e+02 8.178333109621358510e-01
2.745149567433810068e-05 9.183657914442517267e+02 8.152729314578770481e-01
2.794899957996279508e-05 9.144014039586306808e+02 8.127170346124555911e-01
2.860107888684937364e-05 9.092746745871168059e+02 8.094561575174892276e-01
2.896923953058515197e-05 9.064144442886328079e+02 8.076582382079576794e-01
2.979880306691181990e-05 9.000585848465742629e+02 8.037170017356158880e-01
3.002672194328083260e-05 8.983334901996227018e+02 8.026609898742375071e-01
3.104668420843650391e-05 8.907247600905458285e+02 7.980611897108262909e-01
3.234682272888598662e-05 8.812807741193662423e+02 7.924928107151298917e-01
3.343646874675121561e-05 8.735788383439681866e+02 7.880607012336574568e-01
3.370140700466985669e-05 8.717345914471242168e+02 7.870147064356145528e-01
3.465702124365088515e-05 8.651736785455130985e+02 7.833341325743362615e-01
3.511271705459173418e-05 8.620940105195965089e+02 7.816303955827174077e-01
3.592212833777705036e-05 8.567005933931026220e+02 7.786804107616162041e-01
3.658312837754754365e-05 8.523670774160333394e+02 7.763432080324746964e-01
3.723341643367927530e-05 8.481649133441591175e+02 7.741023041275492123e-01
3.811511595093463478e-05 8.425618765542636766e+02 7.711551137858804195e-01
3.859257130557787723e-05 8.395722424321571680e+02 7.696005883720050678e-01
3.971125839650190838e-05 8.326866295615742501e+02 7.660686643972473009e-01
4.000134026457204426e-05 8.309278842467011827e+02 7.651776510711699730e-01
4.137424232065266641e-05 8.227494795098959912e+02 7.610859953749790074e-01
4.310686683650593291e-05 8.127588579770321076e+02 7.562088264706076091e-01
4.454377557800048750e-05 8.047404143217935371e+02 7.523866999473638462e-01
4.491204827532752173e-05 8.027229300636676044e+02 7.514379734630745045e-01
4.616978509816987715e-05 7.959448064358674628e+02 7.482857731113555788e-01
4.679282509526157263e-05 7.926499223987548248e+02 7.467737166902168600e-01
4.785514986888501763e-05 7.871251568596331936e+02 7.442675670901072182e-01
4.875236299562367529e-05 7.825482015764395101e+02 7.422184327932112025e-01
4.960203657227383868e-05 7.782868098761808824e+02 7.403316615911099685e-01
5.079396024536547428e-05 7.724256822162924436e+02 7.377713563487823256e-01
5.141269098222783112e-05 7.694353969406162150e+02 7.364794787438474488e-01
5.292105323467834730e-05 7.622904119101203833e+02 7.334323790970301848e-01
5.328944085153890621e-05 7.605759826258268959e+02 7.327098797748979875e-01
5.513722225908148451e-05 7.521504959498264498e+02 7.292030620692738774e-01
5.744619754572858017e-05 7.420134707658853586e+02 7.250818592159061771e-01
5.934083403876356068e-05 7.340024474266436982e+02 7.218985543451464926e-01
5.985186553207852444e-05 7.318868920769928081e+02 7.210682255715433753e-01
6.150698991194198566e-05 7.251628483959452751e+02 7.184591575078679293e-01
6.235827540749680432e-05 7.217783658966120584e+02 7.171625277133231169e-01
6.375221833849624474e-05 7.163408626294810801e+02 7.151021104823503949e-01
8.658154462158881089e-05 7.129783653143769016e+02 7.137370316860733865e-01
8.803041500923953469e-05 7.124565842944364249e+02 7.130597156057737473e-01
9.020731027716740185e-05 7.118272078470192810e+02 7.117588718902791989e-01
9.124384474239821761e-05 7.115656172329781839e+02 7.110570230041673989e-01
9.398491171537858111e-05 7.109442704162077007e+02 7.090145565963619223e-01
9.457457632684144067e-05 7.108199245696697517e+02 7.085458798290710236e-01
9.792070734630148375e-05 7.101546687461518559e+02 7.057426328588027875e-01
1.016052291297591119e-04 7.094647767265080347e+02 7.024383988984113092e-01
1.020213218504420678e-04 7.093882583322558730e+02 7.020545243365576837e-01
1.053141888602759983e-04 7.087840920522808119e+02 6.989574781533804959e-01
1.062936573293107135e-04 7.086042225072976635e+02 6.980198414982692334e-01
1.091585390859517419e-04 7.080735787273907818e+02 6.952437713967237753e-01
1.107449049229503979e-04 7.077756553666704349e+02 6.936891674928430396e-01
1.131432220513806303e-04 7.073185698889891455e+02 6.913236743610596813e-01
1.153825569139709949e-04 7.068824635942773966e+02 6.891017928525574598e-01
1.172733604110272354e-04 7.065073452886132372e+02 6.872202353853507084e-01
1.202144193384628367e-04 7.059094151026328063e+02 6.842898769955848559e-01
1.215542638148414277e-04 7.056309388640709130e+02 6.829546740366504443e-01
1.252486251250161005e-04 7.048432485863511374e+02 6.792786240760473326e-01
1.259914357342719541e-04 7.046812344046751377e+02 6.785414773275177946e-01
1.304936477839614261e-04 7.036738975429849461e+02 6.740930401692729612e-01
1.353576108226754921e-04 7.025345200687612532e+02 6.693343895219244777e-01
1.359583156698732044e-04 7.023904245389769585e+02 6.687507290153916761e-01
1.402986550195163193e-04 7.013250333311317490e+02 6.645649887179665427e-01
5.484834386062155832e-04 7.018928177056634468e+02 6.652767211226805477e-01
5.679574266323100026e-04 7.029731331545636976e+02 6.666029910095606636e-01
5.714522181890194404e-04 7.031838532800376242e+02 6.668240640032589983e-01
5.886899346151128285e-04 7.042744738277751821e+02 6.678502419867504702e-01
5.953828587841897974e-04 7.047175128564954321e+02 6.682232848854575691e-01
6.101792544065149249e-04 7.057275618739777201e+02 6.690030587388650085e-01
6.203156401377075708e-04 7.064391187478165648e+02 6.695043375474082348e-01
6.324530123850577662e-04 7.073083119055451107e+02 6.700731792087106786e-01
6.462925287859696806e-04 7.083182718463768879e+02 6.706840082545464377e-01
6.555398433923926129e-04 7.090020102051776121e+02 6.710712836683679905e-01
6.733572486933217657e-04 7.103360852665141465e+02 6.717746778324105161e-01
6.794694275458483708e-04 7.107980001207141640e+02 6.720037093204394019e-01
7.015553548476715110e-04 7.124799551604686485e+02 6.727854488777592623e-01
7.309343099380578900e-04 7.147397893344387967e+02 6.737243949078470795e-01
7.566279902756288100e-04 7.167280919680911211e+02 6.744641682429640683e-01
7.615435642432357355e-04 7.171087218759653297e+02 6.745980157961666279e-01
7.842476587803905511e-04 7.188690125294289146e+02 6.751869239869078276e-01
7.934346388657545490e-04 7.195806497971539102e+02 6.754123999491330466e-01
8.128755454559266408e-04 7.210856427184030508e+02 6.758675909672273718e-01
8.266612124516054807e-04 7.221509543269481810e+02 6.761729041693170794e-01
8.425484539257028366e-04 7.233753094509507946e+02 6.765091275091473788e-01
8.612792115414326507e-04 7.248142478958537822e+02 6.768842438441362575e-01
8.733045312790535053e-04 7.257350332573639662e+02 6.771145357643845175e-01
8.973469047053643727e-04 7.275674492067245183e+02 6.775515857814286003e-01
9.051833171125598949e-04 7.281621817843955569e+02 6.776876382634285934e-01
9.349250006199203182e-04 7.304069274473504265e+02 6.781787022766947448e-01
9.740767502520729674e-04 7.333291309954755661e+02 6.787700920205849142e-01
1.007973289588057859e-03 7.358265447448388841e+02 6.792390533267611552e-01
1.014868053322459229e-03 7.363307646797223924e+02 6.793297943465453903e-01
1.044767974000848339e-03 7.385011914824458472e+02 6.797092678065124183e-01
1.057367569226948592e-03 7.394076815760653290e+02 6.798618322745066944e-01
1.082905797974003607e-03 7.412313928205486491e+02 6.801597238200860485e-01
1.101646832603242606e-03 7.425573508581009037e+02 6.803694569337729314e-01
1.122435790977607600e-03 7.440152726362908879e+02 6.805937057329314310e-01
1.147780373737063153e-03 7.457749894793541898e+02 6.808564653057258553e-01
1.163408772235395095e-03 7.468498549135941857e+02 6.810129365804349355e-01
1.195845844010566799e-03 7.490569571370903077e+02 6.813257728388174561e-01
1.205877416057264543e-03 7.497325929294408979e+02 6.814199457050444941e-01
1.245924146604151595e-03 7.523988410734079935e+02 6.817816984156465088e-01
1.298099572671648641e-03 7.557961040489855122e+02 6.822259437683890759e-01
1.342813331757462206e-03 7.586391672392547889e+02 6.825864008971418428e-01
1.352459943218105049e-03 7.592443956586106424e+02 6.826617567418163945e-01
1.391830893311594118e-03 7.616835481369761283e+02 6.829632656813240388e-01
1.409096756918966180e-03 7.627383851960781840e+02 6.830923783619102796e-01
1.442637773815643159e-03 7.647603309047507310e+02 6.833376596119555835e-01
1.468105344129479401e-03 7.662730065283902832e+02 6.835195473774950958e-01
1.495299289907216136e-03 7.678662366334127682e+02 6.837106651078713737e-01
1.529585027343502218e-03 7.698432379982855309e+02 6.839465944822707977e-01
1.549883142518321526e-03 7.709968722563746724e+02 6.840834414901140192e-01
1.593639288371855901e-03 7.734423235645742807e+02 6.843742958202027049e-01
1.606459503910768116e-03 7.741485333467410328e+02 6.844577483576306243e-01
1.660375942521574418e-03 7.770656395344486782e+02 6.848047687573269870e-01
1.729907320069238837e-03 7.807059503465635544e+02 6.852405048693812617e-01
1.788884350975703712e-03 7.836902113004678085e+02 6.856009000821647881e-01
1.802350455333853827e-03 7.843584304426241260e+02 6.856823483656434570e-01
1.854185124146023054e-03 7.868857853598286738e+02 6.859914890961108513e-01
1.877827283667499961e-03 7.880153813927928468e+02 6.861313954248721148e-01
1.921869612604765621e-03 7.900824317599002597e+02 6.863887334473541824e-01
1.956464846695364634e-03 7.916713583143881579e+02 6.865890103962899449e-01
1.992024830613792381e-03 7.932741715695352696e+02 6.867923599592106187e-01
2.038395506150544791e-03 7.953187244115501926e+02 6.870555421552813069e-01
2.064740968771413155e-03 7.964579711217771774e+02 6.872035174556893056e-01
2.123757166663627766e-03 7.989514720370466421e+02 6.875321929859585790e-01
2.140111509960209574e-03 7.996288600875682278e+02 6.876223950012092523e-01
2.212693507881982949e-03 8.025628341319388710e+02 6.880190865212336693e-01
2.305354226309496227e-03 8.061450828882383348e+02 6.885169139106241953e-01
2.383136319459600375e-03 8.090172633582720891e+02 6.889262408294324347e-01
2.401895287273794408e-03 8.096922790498160794e+02 6.890242977908830335e-01
2.470129446849921376e-03 8.120899817393420790e+02 6.893768408897632538e-01
2.502479187445072646e-03 8.131963443345522364e+02 6.895426424161535950e-01
2.560298139209547449e-03 8.151267322590761069e+02 6.898351985706775436e-01
2.607275228348414874e-03 8.166515988473946663e+02 6.900701155130226638e-01
2.653758316188413978e-03 8.181227403110540308e+02 6.903000498442796173e-01
2.716459801329910908e-03 8.200498901323317114e+02 6.906070605673655383e-01
2.750630128924519500e-03 8.210732971160648503e+02 6.907722209848722317e-01
2.830216684456317560e-03 8.233855515428649596e+02 6.911525982223920561e-01
2.851038114508597666e-03 8.239749030949934649e+02 6.912507598227947136e-01
2.948737351847927849e-03 8.266517237810021470e+02 6.917052481086447546e-01
3.072221295965345961e-03 8.298404928994275451e+02 6.922648986950404870e-01
3.174793671837864827e-03 8.323334951804271213e+02 6.927163505236711982e-01
3.200876363392622919e-03 8.329461320886802014e+02 6.928296482701845616e-01
3.290685166620174046e-03 8.349908691652323114e+02 6.932121200226095681e-01
3.334919104681946696e-03 8.359623474137042649e+02 6.933979336509039637e-01
3.410807121694125772e-03 8.375766367921728488e+02 6.937110599283036194e-01
3.474575138848767265e-03 8.388828050848072735e+02 6.939683433765752030e-01
3.535313964218616840e-03 8.400862171843853048e+02 6.942098413872175300e-01
3.620079533130776944e-03 8.417015269894376388e+02 6.945396135413665073e-01
3.664365758504475965e-03 8.425169690669644069e+02 6.947090632622593409e-01
3.771677198650083551e-03 8.444135850303105144e+02 6.951100419803744046e-01
3.798128411790963315e-03 8.448645808130272599e+02 6.952065816979998703e-01
3.929623302644450443e-03 8.470129219273949275e+02 6.956773961288182928e-01
4.094183697961501466e-03 8.494945402804185051e+02 6.962398429127856225e-01
4.229432775808370654e-03 8.513745565656828376e+02 6.966807149423981382e-01
4.265635370538813434e-03 8.518542441800982488e+02 6.967952676960765812e-01
4.383822426643841676e-03 8.533568131595420709e+02 6.971608742200697817e-01
4.444266905623065790e-03 8.540886888674483544e+02 6.973425857015632667e-01
4.543847860230479027e-03 8.552415871703617540e+02 6.976336884184688447e-01
4.630378973513048051e-03 8.561927748198954760e+02 6.978787319632995256e-01
4.709714803098816877e-03 8.570259242261969348e+02 6.980971011838053020e-01
4.824284835643979225e-03 8.581647126441233695e+02 6.984019632631260910e-01
4.881636491544639155e-03 8.587080755859869896e+02 6.985497599142662661e-01
5.026310871865155572e-03 8.600023715115727327e+02 6.989102454824378530e-01
5.059833945762651046e-03 8.602873115183018626e+02 6.989914091226772097e-01
5.236797129798301947e-03 8.617036686393249738e+02 6.994025177395283288e-01
5.456097897201345366e-03 8.632671201992435499e+02 6.998753590796898960e-01
5.634413903416530395e-03 8.643970277197972791e+02 7.002321726375521083e-01
5.684582298301005081e-03 8.646934442396158147e+02 7.003281765929281200e-01
5.840090466048445533e-03 8.655573152117360678e+02 7.006142249239761810e-01
5.922634915097928394e-03 8.659829661754406516e+02 7.007592801396698157e-01
6.053274969903918445e-03 8.666137572362715673e+02 7.009786302535113700e-01
6.170656434690201426e-03 8.671371848162320930e+02 7.011663176241221818e-01
6.274241482094418051e-03 8.675678967469781355e+02 7.013247873318507741e-01
6.429064323704647248e-03 8.681586060513245684e+02 7.015490038571637887e-01
6.503274074175957771e-03 8.684218071241137977e+02 7.016516466438341704e-01
6.698293530971313921e-03 8.690514591264339970e+02 7.019056647601299437e-01
6.740667187347616253e-03 8.691774024763662965e+02 7.019585031632592509e-01
6.978797219623736857e-03 8.698184334501879675e+02 7.022358291995107749e-01
7.241766874968523157e-03 8.704078311379842035e+02 7.025099203939636494e-01
7.271047529857284884e-03 8.704660914018259064e+02 7.025385977473089794e-01
7.506117656390887474e-03 8.708902233890058824e+02 7.027536668997337310e-01
7.575536373629454534e-03 8.710003043113472359e+02 7.028133912453584653e-01
7.780118201033344415e-03 8.712904075088839591e+02 7.029769458343848587e-01
7.892776262639726592e-03 8.714289249066523553e+02 7.030606039659424988e-01
8.064120760285902953e-03 8.716136125661638516e+02 7.031789738804903322e-01
8.223301170982714667e-03 8.717586428259024842e+02 7.032799779265206386e-01
8.358490443993119717e-03 8.718647043896518198e+02 7.033594566540060100e-01
8.567667433926399317e-03 8.720000234997098687e+02 7.034729972890174654e-01
8.663605689834347201e-03 8.720515942318691032e+02 7.035206108745319931e-01
8.926454684328533409e-03 8.721621410803519439e+02 7.036394068020399573e-01
8.979858749838138046e-03 8.721792776397685429e+02 7.036619329485427343e-01
9.300266828267194155e-03 8.722542109611365504e+02 7.037810637204205966e-01
9.647419436244680097e-03 8.722870278929133292e+02 7.038875968637263725e-01
9.689733061527717670e-03 8.722880111594598702e+02 7.038991225798278961e-01
9.999585269626550324e-03 8.722817278125801295e+02 7.039755588328477920e-01
1.009550892865692696e-02 8.722744252947409223e+02 7.039959990106209320e-01
1.036460643442852284e-02 8.722459253574068043e+02 7.040471306265766449e-01
1.051827742636726216e-02 8.722246838805920106e+02 7.040731158097763842e-01
1.074295219691735921e-02 8.721880959138096614e+02 7.041053109429634693e-01
1.095875015314812240e-02 8.721489899720901349e+02 7.041321090506134084e-01
1.113510895328221652e-02 8.721141155028350340e+02 7.041509737711586503e-01
1.141766850701915817e-02 8.720570984895764468e+02 7.041764087976153386e-01
1.154158085493895390e-02 8.720312557890175640e+02 7.041861157386570813e-01
1.189580493344194294e-02 8.719579366225646027e+02 7.042077033870989267e-01
1.196289045666039559e-02 8.719449701384635318e+02 7.042112508646221070e-01
1.239396422549021021e-02 8.718605771115846892e+02 7.042286476665177153e-01
1.285220905143209108e-02 8.717815546015179962e+02 7.042410433382232382e-01
1.291298487846718503e-02 8.717715481837079778e+02 7.042418824995391180e-01
1.332136134042571050e-02 8.717109441563241035e+02 7.042477131238062960e-01
1.345374050125007666e-02 8.716940682971677461e+02 7.042494311881666302e-01
1.380763939117646971e-02 8.716534414164963209e+02 7.042518850755242754e-01
1.401714128673726099e-02 8.716323237220825604e+02 7.042528385727203633e-01
1.410588815847747639e-02 8.716232893772220223e+02 7.042531803980559557e-01
1.411959130592176613e-02 8.716220058666666546e+02 7.042529104176242782e-01
1.413330776527153831e-02 8.716205583361534082e+02 7.042533360025607925e-01
1.414703754945861695e-02 8.716193116216667249e+02 7.042530196180146751e-01
1.416078067142741322e-02 8.716183243561363270e+02 7.042528620326298228e-01
1.417453714413489246e-02 8.716171331319695810e+02 7.042528350288933536e-01
1.418830698055061068e-02 8.716165263531810297e+02 7.042531457586078680e-01
1.419519691420549276e-02 8.716156676353721195e+02 7.042533295659566539e-01
1.420209019365672141e-02 8.716152980853104282e+02 7.042532777753014450e-01
1.421588679644800526e-02 8.716140604009310664e+02 7.042531879476203738e-01
1.422969680193185080e-02 8.716131895620878822e+02 7.042534627432625038e-01
1.424352022312828578e-02 8.716117025505458287e+02 7.042535372759382017e-01
1.425735707306997890e-02 8.716110273330614291e+02 7.042532624997005497e-01
1.427120736480228490e-02 8.716103149581078924e+02 7.042532416917834936e-01
1.428507111138320636e-02 8.716089686541797619e+02 7.042532591522057128e-01
1.437551432999592711e-02 8.716027947911040883e+02 7.042536468565719909e-01
1.446653017269496598e-02 8.715956995122911621e+02 7.042536913395791576e-01
1.455812226494111218e-02 8.715893315951502700e+02 7.042537836705584642e-01
1.456519178329045323e-02 8.715887444239226625e+02 7.042535336225622666e-01
1.457226473464363903e-02 8.715882966352473886e+02 7.042541283738026348e-01
1.457934112066775791e-02 8.715876133678987117e+02 7.042537377232502838e-01
1.458642094303069792e-02 8.715871844432460875e+02 7.042537892263990296e-01
1.459350420340118672e-02 8.715869795943565350e+02 7.042538927947741279e-01
1.460059090344873259e-02 8.715863370280555955e+02 7.042539981678228589e-01
1.460413554387334986e-02 8.715864119385486219e+02 7.042540104995526073e-01
1.460768104484366781e-02 8.715858285723672907e+02 7.042536136882266984e-01
1.461477462925712956e-02 8.715851842778538412e+02 7.042539904896987224e-01
1.462187165836107035e-02 8.715848082740227483e+02 7.042537744189812932e-01
1.462897213382824933e-02 8.715844529409081360e+02 7.042539912731887730e-01
1.463607605733225486e-02 8.715841899940709254e+02 7.042539604063121628e-01
1.464318343054746979e-02 8.715835688075649159e+02 7.042537178534510334e-01
1.465029425514909750e-02 8.715825045863489322e+02 7.042538543320598921e-01
1.474304981483289152e-02 8.715763547466717682e+02 7.042536840605847503e-01
1.475737193217293089e-02 8.715756764260398768e+02 7.042538912933105077e-01
1.477170796271598183e-02 8.715742009541589823e+02 7.042540101511018946e-01
1.478605791997800352e-02 8.715736459209116447e+02 7.042537646895383752e-01
1.480042181748810262e-02 8.715729352235620127e+02 7.042541746433276240e-01
1.481479966878850897e-02 8.715726657604628826e+02 7.042539271729086892e-01
1.482919148743461375e-02 8.715719244965595180e+02 7.042538164923123345e-01
1.483639263875196311e-02 8.715712700084984590e+02 7.042539336431372643e-01
1.484359728699496950e-02 8.715711537941591587e+02 7.042541511067113014e-01
1.485801708105133692e-02 8.715706955280231796e+02 7.042537864268538783e-01
1.487245088319863982e-02 8.715700416861441227e+02 7.042538721216047293e-01
1.488689870704502059e-02 8.715695024384405087e+02 7.042539257469923042e-01
1.490136056621183674e-02 8.715692939420681569e+02 7.042538245837792754e-01
1.491583647433369735e-02 8.715679768914844772e+02 7.042539940865274462e-01
1.493032644505843352e-02 8.715678203595703053e+02 7.042537218214574013e-01
1.502485497544521313e-02 8.715640086088056933e+02 7.042536007303994428e-01
1.511998199529504018e-02 8.715596070974349914e+02 7.042536769218933346e-01
1.517513668974343997e-02 8.715577059846227712e+02 7.042535819165258726e-01
1.521571129383043029e-02 8.715559532010532848e+02 7.042539235773759287e-01
1.523049257757425577e-02 8.715552574481984038e+02 7.042535930370877884e-01
1.528605039270102862e-02 8.715530656660677096e+02 7.042539666471404614e-01
1.534181087171447057e-02 8.715510508864057329e+02 7.042540519276093702e-01
1.539777475389223112e-02 8.715489085563833669e+02 7.042540272888033748e-01
1.545394278120869672e-02 8.715465000005114007e+02 7.042538255107261280e-01
1.551031569834483183e-02 8.715443619534025856e+02 7.042537725212901778e-01
1.556689425269804604e-02 8.715422049751801978e+02 7.042532384573380044e-01
1.562367919439210974e-02 8.715403645487026552e+02 7.042535245727825632e-01
1.568067127628709409e-02 8.715378476696690768e+02 7.042534466374823499e-01
1.573787125398935088e-02 8.715357963535738008e+02 7.042530220598506308e-01
1.579527988586153925e-02 8.715339784661854310e+02 7.042527369406811344e-01
1.585289793303267664e-02 8.715323445555363833e+02 7.042534792330917837e-01
1.593685959488347001e-02 8.715305017192109744e+02 7.042529812759443786e-01
1.651676796582313492e-02 8.715190260097322152e+02 7.042520750261457296e-01
1.712160216452765851e-02 8.715079207706946818e+02 7.042518479369981321e-01
1.720843880968920755e-02 8.715066851765774345e+02 7.042520267931480227e-01
1.774660280173959159e-02 8.714983634285100607e+02 7.042514376597677206e-01
1.792907467608537142e-02 8.714932081134294322e+02 7.042505357842993030e-01
1.839441823120996355e-02 8.714798482366833241e+02 7.042495595455056101e-01
1.867988853001887814e-02 8.714713583133424208e+02 7.042478884903979885e-01
1.906588127568296931e-02 8.714559078205732021e+02 7.042457228391079127e-01
1.946214413169696303e-02 8.714353621124801066e+02 7.042429665850333809e-01
1.976185515895639150e-02 8.714139161180150950e+02 7.042398133286359441e-01
2.027715816367153465e-02 8.713676387838544315e+02 7.042315400487210164e-01
2.048323461563052519e-02 8.713429686442092361e+02 7.042273068441936568e-01
2.112630244706242139e-02 8.712467542841421846e+02 7.042090239332522428e-01
2.123094704136683358e-02 8.712263443492385022e+02 7.042049125224558725e-01
2.201100625058899016e-02 8.710365316650199929e+02 7.041679389073070006e-01
2.280925088498253137e-02 8.707433080730930897e+02 7.041124403662643028e-01
2.293275869629682329e-02 8.706865143720631295e+02 7.041012573479938919e-01
2.364187134891179709e-02 8.702950847847207569e+02 7.040278259738154132e-01
2.389311126602877006e-02 8.701263722142545021e+02 7.039967912297441233e-01
2.450488548251697485e-02 8.696377804795167776e+02 7.039094241582030120e-01
2.489368041285921346e-02 8.692655428889920586e+02 7.038442743143624725e-01
2.539940276508234271e-02 8.687018152610592097e+02 7.037482936435490721e-01
2.593615028188698754e-02 8.679960763989341785e+02 7.036322751232246819e-01
2.632657317591386575e-02 8.674083016357026281e+02 7.035390786858194412e-01
2.702227554496692760e-02 8.661929447462919143e+02 7.033532066454484255e-01
2.728758867273709324e-02 8.656696709645150349e+02 7.032762814953262831e-01
2.815388435415063645e-02 8.637178321211704315e+02 7.030032806497852338e-01
2.828368472406175838e-02 8.633918408947470198e+02 7.029602395681588956e-01
2.933288141880865951e-02 8.604309472186253060e+02 7.025875277920706763e-01
3.038628750596422678e-02 8.568572023968486064e+02 7.021895714018946411e-01
3.056125121161271455e-02 8.562052930163662268e+02 7.021224353034929422e-01
3.149549731420746290e-02 8.524498216908137920e+02 7.017677513780811172e-01
3.184106130877452367e-02 8.509483560565962534e+02 7.016406139331662351e-01
3.264519730732311220e-02 8.472339131948411932e+02 7.013634720298403957e-01
3.317446587016346232e-02 8.446378427711653103e+02 7.012006697666560706e-01
3.383686552405449494e-02 8.412446189508075349e+02 7.010278977339663431e-01
3.456370926516065534e-02 8.373771724276683699e+02 7.008900452619025723e-01
3.507203395692480574e-02 8.346125206708302358e+02 7.008338161164362479e-01
3.601112985035283959e-02 8.294663470318354257e+02 7.008390192811199126e-01
3.635229052174619030e-02 8.276120341659369615e+02 7.008825623354384415e-01
3.751916390542366780e-02 8.215117666495597177e+02 7.012346665327728878e-01
3.767928109902270173e-02 8.207204248439088587e+02 7.013116724711170313e-01
3.909034973386855266e-02 8.145549927111110264e+02 7.023418309342975840e-01
4.048035040918547545e-02 8.106070231960370620e+02 7.041177907010127690e-01
4.072733193543435354e-02 8.102087349174245219e+02 7.045281350556150679e-01
4.195803015884815718e-02 8.099582316941564386e+02 7.070660158816899354e-01
4.243286585747559764e-02 8.107497095881158202e+02 7.082888107262724775e-01
4.348965058393714639e-02 8.146050156845674337e+02 7.115644202048164724e-01
4.420982223271963801e-02 8.190772149762721028e+02 7.142858614427991526e-01
4.507718071493145573e-02 8.266513743358419788e+02 7.181636979952203959e-01
4.606119201124692780e-02 8.383158806386243214e+02 7.234710319954934521e-01
4.672266145907107843e-02 8.480406904530195789e+02 7.276566174697358669e-01
4.799009139482002945e-02 8.708601857844377037e+02 7.372737791966298415e-01
4.842820822411959131e-02 8.799852094203091610e+02 7.411387101078055206e-01
4.999976708203374143e-02 9.175274798131516718e+02 7.575758471025018093e-01
5.209360173311668868e-02 9.774447652978038832e+02 7.863017228171030881e-01
5.392757403907299379e-02 1.036780892840595925e+03 8.176107956175537872e-01
5.427511966358137402e-02 1.048567865479167494e+03 8.239799313481768195e-01
5.589612626998181899e-02 1.106168522250726937e+03 8.530737318432527472e-01
5.654799277630663534e-02 1.131517969404636460e+03 8.629951328146249212e-01
5.690601566838048714e-02 1.146515026133263973e+03 8.675217338707067460e-01
5.726630531449733441e-02 1.162736455244393255e+03 8.712260611316710035e-01
5.762887606618051495e-02 1.180555208284673199e+03 8.739835366728575528e-01
5.799374236581731484e-02 1.200368970907797348e+03 8.757353225528993201e-01
5.805008031444960220e-02 1.203618742127533096e+03 8.759160936359229321e-01
5.810647299251173181e-02 1.206924461847116390e+03 8.760740043790287146e-01
5.816292045317060511e-02 1.210289705340305090e+03 8.762090488008429379e-01
5.821942274964467257e-02 1.213713339516227279e+03 8.763216278629312184e-01
5.827597993520410025e-02 1.217197716499040325e+03 8.764122754795287129e-01
5.833259206317086693e-02 1.220744053261137879e+03 8.764811755597916587e-01
5.836091874723426526e-02 1.222540797697586413e+03 8.765076825034316954e-01
5.838925918691868777e-02 1.224351330071106759e+03 8.765290216413930136e-01
5.844598135987313925e-02 1.228023043332881571e+03 8.765561893682793926e-01
5.850275863551167299e-02 1.231758456350084998e+03 8.765632175151691907e-01
5.855959106736378234e-02 1.235557726158653850e+03 8.765504909823711444e-01
5.861647870901088436e-02 1.239423297327158934e+03 8.765186037785304141e-01
5.867342161408641704e-02 1.243353402764596012e+03 8.764681083490224456e-01
5.873041983627604046e-02 1.247351670433185745e+03 8.763992557947343220e-01
5.891604674203728548e-02 1.260812753358898362e+03 8.760572541195282836e-01
5.910226035138810979e-02 1.275003905860422265e+03 8.755465441196399468e-01
5.947645510420295628e-02 1.305648502315308178e+03 8.740838338603955648e-01
5.985301900013012544e-02 1.339430322876559103e+03 8.721201624323879908e-01
6.023196703894993093e-02 1.376530714394440110e+03 8.697311697998418856e-01
6.061331431541094883e-02 1.417195576945970743e+03 8.669615331573327088e-01
6.099707601983129363e-02 1.461736744828852352e+03 8.638307417201610550e-01
6.138326743870370361e-02 1.510560629787427160e+03 8.603372576364147761e-01
6.224352703638803830e-02 1.636024883054601332e+03 8.512346190337226615e-01
6.395380766040070775e-02 1.981167603776453461e+03 8.258103911108789497e-01
6.451564174190653478e-02 2.135949620126292302e+03 8.141956536426389057e-01
6.663199410731633632e-02 3.111758146168617259e+03 7.370574828625670039e-01
6.942233466837838263e-02 2.158353601370038177e+03 4.034680527724992388e-02
6.947088851634877771e-02 1.400649116643504613e+03 3.899753210862209191e-02
6.951947632278754341e-02 1.019673459640248325e+03 3.847677417724506416e-02
6.956809811144507028e-02 7.964558718475984733e+02 3.823662932207666509e-02
6.961675390608855485e-02 6.514104940986117072e+02 3.811998553921738808e-02
6.966544373050162497e-02 5.501873826519716886e+02 3.806786589148993677e-02
6.971416760848472838e-02 4.757411989728357753e+02 3.805358188744316361e-02
6.976292556385477184e-02 4.188154247748905163e+02 3.806351531111946962e-02
6.981171762044550977e-02 3.739505991602567292e+02 3.808995675625820310e-02
6.986054380210716952e-02 3.377008499105902501e+02 3.812820053005063631e-02
6.990940413270686771e-02 3.078353345388235311e+02 3.817524160735584482e-02
6.995829863612820776e-02 2.828127303446024712e+02 3.822904338833898324e-02
7.000722733627168237e-02 2.615564219015689105e+02 3.828819226240647716e-02
7.005619025705434044e-02 2.432797473955148178e+02 3.835164260987913160e-02
7.010518742241009238e-02 2.274000183662414827e+02 3.841864973343676187e-02
7.044912844190759360e-02 1.563751587565710111e+02 3.895131505593252275e-02
7.079475686042997762e-02 1.195648137469641483e+02 3.954677153317175120e-02
7.114208095647640839e-02 9.710678229143796614e+01 4.017707703800708907e-02
7.149110904916111675e-02 8.200042102419189405e+01 4.083172010488660825e-02
7.184184949841231071e-02 7.115550374151686697e+01 4.150577981332733563e-02
7.232952600887482264e-02 6.039047807727296657e+01 4.246485736921466053e-02
7.446433781951222741e-02 3.774845950220709057e+01 4.689499897912541987e-02
7.535846147582034305e-02 3.312550241580231614e+01 4.884709666576247250e-02
7.718255648500486898e-02 2.704077858335154971e+01 5.299197236562411262e-02
7.851423933437499947e-02 2.417209903242607183e+01 5.615149761595500388e-02
7.999999999999998779e-02 2.185057278328898889e+01 5.980693940431946326e-02
8.180217134917827648e-02 1.981370900090027121e+01 6.442296647962628131e-02
8.522779172504357792e-02 1.729307195833706601e+01 7.374021503579147874e-02
8.879686642205950053e-02 1.569085365852718184e+01 8.419297521786385519e-02
9.251540286078023534e-02 1.461313275947657253e+01 9.587787432623992578e-02
9.638966003383826753e-02 1.386308483995976104e+01 1.088953364350777747e-01
1.004261590410001764e-01 1.333124304978659858e+01 1.233500116420322840e-01
1.046316940653977262e-01 1.295183809572810318e+01 1.393499265397223630e-01
1.090133438094092466e-01 1.268290725283572051e+01 1.570052255131542673e-01
1.135784834094410584e-01 1.249635923173617336e+01 1.764272416014826539e-01
1.183347968496608754e-01 1.237263035232877861e+01 1.977273029075464206e-01
1.232902898955817450e-01 1.229762042308804482e+01 2.210155274361228772e-01
1.284533035692632386e-01 1.226087205845425387e+01 2.463993527402512096e-01
1.338325281888124163e-01 1.225442636972755572e+01 2.739819147390855081e-01
1.394370179958151768e-01 1.227207928545206350e+01 3.038603368977855768e-01
1.452762063953189076e-01 1.230889724271530028e+01 3.361236872399814279e-01
1.513599218340193897e-01 1.236087550852354155e+01 3.708508503457598748e-01
1.576984043433740101e-01 1.242470731577305720e+01 4.081082334402356682e-01
1.643023227754919213e-01 1.249761657778572044e+01 4.479471783020599895e-01
1.711827927608082500e-01 1.257723404937693168e+01 4.904013492715075251e-01
1.783513954177698979e-01 1.266151421267880472e+01 5.354838965940117435e-01
1.858201968460251319e-01 1.274866421689858242e+01 5.831845396112853575e-01
1.936017684359265523e-01 1.283709642771287029e+01 6.334666914086798384e-01
2.017092080285349809e-01 1.292539430510965559e+01 6.862645521988989250e-01
2.101561619617345056e-01 1.301228143500896550e+01 7.414803745802170942e-01
2.189568480395741590e-01 1.309660388942206666e+01 7.989821990176962929e-01
2.281260794634921152e-01 1.317731689908779913e+01 8.586018185383601509e-01
2.376792897657056536e-01 1.325347234309421474e+01 9.201336642262005761e-01
2.476325587867335976e-01 1.332421651883868563e+01 9.833344695065541208e-01
2.580026397407768624e-01 1.338878533779808677e+01 1.047923984286545096e+00
2.688069874145121996e-01 1.344650517905516551e+01 1.113587135398844463e+00
2.800637875467665294e-01 1.349679333409266668e+01 1.179977412786112012e+00
2.917919874385149215e-01 1.353916126078989457e+01 1.246721752093575164e+00
3.040113278447357237e-01 1.357321782438425473e+01 1.313427005535295011e+00
3.167423762017944622e-01 1.359866928347225290e+01 1.379687341416769630e+00
3.300065612462878550e-01 1.361532310639446663e+01 1.445092887617870359e+00
3.438262090836173290e-01 1.362308709714443467e+01 1.509238830020538824e+00
3.582245807670009774e-01 1.362196689674500405e+01 1.571734550855192536e+00
3.732259114501818020e-01 1.361206315992083304e+01 1.632212577085966787e+00
3.888554511797220892e-01 1.359356408608059752e+01 1.690336483831426539e+00
4.051395073955590953e-01 1.356673866392432082e+01 1.745807481553783402e+00
4.221054892113486612e-01 1.353192645669495242e+01 1.798369720941782157e+00
4.397819535491319654e-01 1.348952640777156731e+01 1.847813368975116166e+00
4.581986532059789674e-01 1.343998613915327311e+01 1.893976248164344955e+00
4.773865869335123802e-01 1.338378938458994583e+01 1.936743596062472594e+00
4.973780516146104613e-01 1.332144488472316901e+01 1.976046205557656421e+00
5.182066966250991058e-01 1.325347597607508376e+01 2.011857594681881967e+00
5.399075804719508653e-01 1.318041052789695300e+01 2.044189992781059395e+00
5.625172298033122020e-01 1.310277266249313222e+01 2.073089693584143856e+00
5.860737008896862443e-01 1.302107587429772728e+01 2.098632366752050338e+00
6.106166436797575425e-01 1.293581637189216238e+01 2.120917905909948775e+00
6.361873685386737476e-01 1.284747035907797397e+01 2.140065741964606083e+00
6.628289157811247945e-01 1.275648910378625267e+01 2.156210305385964254e+00
6.905861281162389842e-01 1.266329832679842937e+01 2.169496914638036955e+00
7.195057261262577386e-01 1.256829583915716242e+01 2.180078119626358557e+00
7.496363869060175267e-01 1.247185197740335560e+01 2.188110606866389141e+00
7.810288259956077450e-01 1.237430934340636490e+01 2.193752465823258113e+00
8.137358827441152354e-01 1.227598369148627100e+01 2.197161099651366634e+00
8.188878971626780690e-01 1.226080593749542125e+01 2.197497189785558191e+00
8.240725305834649683e-01 1.224561758051291704e+01 2.197784666129150022e+00
8.292899895275025468e-01 1.223041969773660043e+01 2.198024072050353439e+00
8.345404818233658206e-01 1.221521308870921274e+01 2.198215949284922033e+00
8.398242166154573640e-01 1.219999872204948588e+01 2.198360853484946364e+00
8.451414043723374236e-01 1.218477762514926255e+01 2.198459337936071734e+00
8.478126092481341747e-01 1.217716484989336401e+01 2.198491338663336236e+00
8.504922568951085449e-01 1.216955073273930843e+01 2.198511939096688295e+00
8.513184665364671444e-01 1.216720773758281915e+01 2.198515995314831883e+00
8.521454787981505019e-01 1.216486452488987524e+01 2.198518977135472952e+00
8.529732944598631406e-01 1.216252129999742593e+01 2.198520898400991630e+00
8.538019143020671997e-01 1.216017790131133580e+01 2.198521740377160416e+00
8.546313391059825459e-01 1.215783440385427916e+01 2.198521523588996107e+00
8.554615696535883274e-01 1.215549083313915268e+01 2.198520242432319360e+00
8.558769873258513794e-01 1.215431899556515205e+01 2.198519200748628943e+00
8.562926067276234177e-01 1.215314718206984779e+01 2.198517898264562564e+00
8.571244511115866382e-01 1.215080340018556804e+01 2.198514496896072146e+00
8.579571035897384235e-01 1.214845955188585336e+01 2.198510040002933152e+00
8.587905649471007097e-01 1.214611556646541324e+01 2.198504522915863291e+00
8.596248359694582675e-01 1.214377159979849452e+01 2.198497960619405500e+00
8.604599174433591458e-01 1.214142743049679751e+01 2.198490337462532196e+00
8.612958101561154489e-01 1.213908332358263031e+01 2.198481669917574433e+00
8.667489412354627554e-01 1.212384450366394617e+01 2.198399863732530157e+00
8.722365977800659032e-01 1.210860341816029795e+01 2.198274342606136411e+00
8.777589983813605112e-01 1.209336113388116551e+01 2.198105603040803047e+00
8.833163630147523593e-01 1.207811832774570604e+01 2.197894191686045495e+00
9.203069035049585844e-01 1.197908619670265118e+01 2.195515705024385866e+00
9.588464927200039956e-01 1.188028920194950011e+01 2.191496232948623835e+00
9.989999999999999991e-01 1.178192806274085846e+01 2.185969935680017517e+00
