# nc[fm^-3] R[km] M[Msun]  (dense TOV, p_surf=1e-17 MeV/fm^3)
3.500000000000000434e-12 1.987449607956041291e+04 2.657043005103367980e-02
3.944071635667889366e-12 1.975395468791599706e+04 2.865292657580421204e-02
4.444486019222852164e-12 1.961826221547573732e+04 3.086243789425602985e-02
5.008391783868403319e-12 1.946881964828149648e+04 3.320691519498844557e-02
5.643844564304992228e-12 1.930691365965971272e+04 3.569471014142647919e-02
6.359922074912490725e-12 1.913375178114908704e+04 3.833457126454135194e-02
7.166853788777263465e-12 1.895045367570049348e+04 4.113565057687237209e-02
8.076167070084386552e-12 1.875806232416251805e+04 4.410753258266069537e-02
9.100851847438572425e-12 1.855754416802139895e+04 4.726023363013227147e-02
1.025554618054233838e-11 1.834980104810063131e+04 5.060419361640405844e-02
1.155674537113119808e-11 1.813566681203511325e+04 5.415030990218463319e-02
1.302303760540420968e-11 1.791591836483994484e+04 5.790990911717659728e-02
1.467536949420314777e-11 1.769127069016116729e+04 6.189477759589554623e-02
1.500000000000000313e-11 1.764964518343374584e+04 6.265004904123000484e-02
1.653734530429505548e-11 1.746239077579577497e+04 6.611714532687280876e-02
1.675070537641374333e-11 1.743760177065775133e+04 6.658491607864996942e-02
1.863556415540448125e-11 1.722988770064177879e+04 7.058967144307604080e-02
1.870574204049448811e-11 1.722251936849934646e+04 7.073461620115305271e-02
2.088895825116796901e-11 1.700484516000587973e+04 7.510950426842376293e-02
2.100000000000001149e-11 1.699433284128396190e+04 7.532546602020093185e-02
2.332698568570152404e-11 1.678499313985084518e+04 7.972025531706719570e-02
2.604956430273379031e-11 1.656334173825963808e+04 8.457783135945684538e-02
2.908990512126933708e-11 1.634025046077165098e+04 8.969346642090256227e-02
3.248509534094745486e-11 1.611604474798121191e+04 9.507865232955062251e-02
3.627655074539476623e-11 1.589102855256144176e+04 1.007451111937588545e-01
4.051052090724215796e-11 1.566548133840591436e+04 1.067047672070435549e-01
4.523865335748415895e-11 1.543966008940756183e+04 1.129697080362857264e-01
5.051862360112869837e-11 1.521380301004254034e+04 1.195521416616781574e-01
5.641483866429656520e-11 1.498812639971352655e+04 1.264643606632654405e-01
6.299922275490333380e-11 1.476283244898241537e+04 1.337186720793950290e-01
7.035209462069639053e-11 1.453810119096633389e+04 1.413273505853132050e-01
7.856314730699115179e-11 1.431410242788123287e+04 1.493025557054356856e-01
8.773254226554710133e-11 1.409098717101343209e+04 1.576562710765748443e-01
9.797213116092968884e-11 1.386889453396725366e+04 1.664002070862430904e-01
1.094068202784069185e-10 1.364795134862637315e+04 1.755457304616271919e-01
1.221760941769228103e-10 1.342827075682998657e+04 1.851037422715825220e-01
1.364357171732413718e-10 1.320995885208246909e+04 1.950845868585714682e-01
1.523596334125785796e-10 1.299310666189531366e+04 2.054979436723247677e-01
1.701420887035011200e-10 1.277777134545826266e+04 2.163527013054298842e-01
1.899999999999999643e-10 1.256411045552076939e+04 2.276568520806813434e-01
2.000000000000000331e-10 1.246538694331008992e+04 2.330642788077765815e-01
2.116359740225662574e-10 1.235698090593179404e+04 2.391408562457021381e-01
2.239489275024007795e-10 1.224903027731795737e+04 2.453386956597739532e-01
2.369782470163983077e-10 1.214154534175230583e+04 2.516584572918849072e-01
2.507656106473777484e-10 1.203453319084987743e+04 2.581007006123201553e-01
2.653551213036069985e-10 1.192815861556200798e+04 2.646487077245494590e-01
2.807934477948242537e-10 1.190760139148717099e+04 2.659129867558936988e-01
2.971299741160611789e-10 1.171909863129919540e+04 2.777314703280747143e-01
3.144169574167612574e-10 1.168988646229190272e+04 2.796188446383083837e-01
3.327096951605400072e-10 1.168968568466664510e+04 2.795880353771934557e-01
3.520667020102584628e-10 1.166140050818991767e+04 2.809591028505522003e-01
3.725498970042681041e-10 1.157889291317913558e+04 2.841382910103905091e-01
3.942248016225234975e-10 1.148626242261808693e+04 2.873264904175777401e-01
4.171607493761785523e-10 1.138582560887465661e+04 2.903489288387271494e-01
4.414311075910559551e-10 1.127930970154461829e+04 2.933564963426785188e-01
4.671135120944649190e-10 1.116835352684675490e+04 2.965266429003116100e-01
4.942901155560692217e-10 1.105370066838156163e+04 2.998287433846696937e-01
5.230478502771755108e-10 1.093483489860143345e+04 3.030633496746741318e-01
5.534787062690971567e-10 1.081584070034427896e+04 3.067818454584516075e-01
5.856800255100487636e-10 1.069402499397357133e+04 3.104772764210592673e-01
6.197548133219030336e-10 1.057164278396431473e+04 3.144395335630683630e-01
6.558120678627705940e-10 1.044874169441051890e+04 3.185753047376623237e-01
6.939671287894539180e-10 1.032442824891119199e+04 3.227927408119749542e-01
7.343420462049956468e-10 1.020176857917802045e+04 3.273323993853137215e-01
7.770659710715930689e-10 1.007867541501611959e+04 3.319840549514191941e-01
8.222755683376360010e-10 9.954943892855357262e+03 3.367225881188177228e-01
8.701154541004740768e-10 9.833189913981304926e+03 3.417432724885131612e-01
9.207386582032068490e-10 9.712803414847445310e+03 3.469509867064467512e-01
9.743071137453278866e-10 9.593330983151403416e+03 3.523215544950181188e-01
1.030992175073038646e-09 9.474608355087657401e+03 3.578235293635335657e-01
1.090975165906128757e-09 9.357779771978093777e+03 3.635243423824617293e-01
1.154447959354871801e-09 9.241764150391289149e+03 3.693401926928109869e-01
1.221613591682156303e-09 9.126829199785195669e+03 3.752896539769622342e-01
1.292686911774293415e-09 9.013503999920709248e+03 3.813912984951954854e-01
1.367895268397873187e-09 8.902715203197361916e+03 3.876901573134433066e-01
1.447479237441217666e-09 8.792516158974798600e+03 3.940662361637856659e-01
1.531693391466561568e-09 8.682938143936786219e+03 4.005224295616749419e-01
1.620807114034767886e-09 8.577328894749414758e+03 4.072268292028096148e-01
1.715105461407256449e-09 8.471182103967157673e+03 4.139437461417367903e-01
1.814890074381738067e-09 8.366468365632808855e+03 4.207613576700958147e-01
1.920480143178334149e-09 8.264027897855663468e+03 4.277184250003303045e-01
2.032213428462712680e-09 8.163111099972214106e+03 4.347774746121377820e-01
2.150447341772216154e-09 8.063991932135557363e+03 4.419380880015056356e-01
2.275560088801006806e-09 7.965177658441010863e+03 4.491377254248688500e-01
2.407951879201392111e-09 7.867694505272066635e+03 4.564132590688292357e-01
2.548046206771266304e-09 7.772671426184328993e+03 4.638067316739932777e-01
2.696291204122710744e-09 7.678288517079788107e+03 4.712400868705882706e-01
2.853161076164927587e-09 7.585120407626855922e+03 4.787323767396897134e-01
3.019157616987188893e-09 7.492621186752900030e+03 4.862597885184791746e-01
3.194811814993655496e-09 7.402699129963601081e+03 4.938857334280417621e-01
3.380685551424924964e-09 7.313371510637761276e+03 5.015356035857334582e-01
3.577373397699137436e-09 7.224892533797850774e+03 5.092162177362363762e-01
3.785504517322370532e-09 7.137756559442656908e+03 5.169364180994254765e-01
4.005744678451722648e-09 7.051356430112763519e+03 5.246761832845795448e-01
4.238798383549190993e-09 6.966751093574148399e+03 5.324625588263708353e-01
4.485411122938543563e-09 6.883129122533875488e+03 5.402662261556669954e-01
4.746371759473755968e-09 6.800029851652387151e+03 5.480713613628988012e-01
5.022515051947149884e-09 6.718719565200565739e+03 5.559076833436170650e-01
5.314724325309152301e-09 6.638161340418287182e+03 5.637448725601112987e-01
5.623934296241143399e-09 6.557964290488037477e+03 5.715669759247599124e-01
5.951134063119525767e-09 6.479436886255544778e+03 5.794058917776576667e-01
6.297370269935864864e-09 6.401449603987754926e+03 5.872279061936602762e-01
6.663750454293111228e-09 6.324294107726507718e+03 5.950370338131015790e-01
7.051446590188204262e-09 6.248019135829867992e+03 6.028316615232606202e-01
7.461698836912889361e-09 6.173070804639450216e+03 6.106171267482709553e-01
7.895819506065545427e-09 6.098503883074837177e+03 6.183705737271461000e-01
8.355197259362798011e-09 6.025040513819479202e+03 6.261027295825117855e-01
8.841301550679572445e-09 5.952139293897196694e+03 6.337980482531540005e-01
9.355687326526445557e-09 5.880441203011446305e+03 6.414690246406618002e-01
9.900000000000014203e-09 5.809053435861901562e+03 6.490933699064839191e-01
1.000000000000000021e-08 5.796713117915958719e+03 6.504494608826125734e-01
1.041876888099251082e-08 5.745710127777316302e+03 6.559539216868017775e-01
1.085507449955379480e-08 5.694818212069318179e+03 6.614300860278332639e-01
1.130965123968064280e-08 5.644714227015308097e+03 6.668894515879723039e-01
1.178326423908628096e-08 5.594958243022479110e+03 6.723228520475561520e-01
1.227671067707040464e-08 5.545537387335267340e+03 6.777292087167288148e-01
1.279082111632096276e-08 5.496314480981110137e+03 6.831049299396990682e-01
1.332646090090667535e-08 5.447603680702312886e+03 6.884547236425431205e-01
1.388453161281298914e-08 5.399443077384458775e+03 6.937779504739276515e-01
1.446597258947327289e-08 5.351400764202564460e+03 6.990668545744025408e-01
1.507176250484947832e-08 5.303869450910453452e+03 7.043263317495075393e-01
1.570292101672351711e-08 5.256738997402656423e+03 7.095542885071384198e-01
1.636051048297222689e-08 5.209597223035508250e+03 7.147435657447419599e-01
1.704563774971427733e-08 5.163398608423159203e+03 7.199069809688721788e-01
1.775945601433943418e-08 5.117273178126221865e+03 7.250317256095480944e-01
1.850316676655550019e-08 5.071306992116966285e+03 7.301179820451003666e-01
1.927802181072032623e-08 5.025776327483206842e+03 7.351692303911583348e-01
2.008532537286278360e-08 4.980821142291003525e+03 7.401858774650077466e-01
2.092643629593920496e-08 4.935987712775826367e+03 7.451619937686139172e-01
2.180277032702031593e-08 4.891684323176033104e+03 7.501016875018589047e-01
2.271580250025861765e-08 4.847473085475162407e+03 7.549991266510776011e-01
2.366706961964663651e-08 4.803677860657109704e+03 7.598576411642690154e-01
2.465817284574576496e-08 4.760352535670654106e+03 7.646772200354073901e-01
2.569078039073905233e-08 4.717216773814345288e+03 7.694539124027044430e-01
2.676663032634446539e-08 4.674335293342602199e+03 7.741882915271776078e-01
2.788753350931475829e-08 4.631822909790812446e+03 7.788810448066634251e-01
2.905537662944844579e-08 4.589620720893801263e+03 7.835309353764743356e-01
3.027212538524145505e-08 4.547798370419583080e+03 7.881382746080963786e-01
3.153982779252571301e-08 4.506333156796815274e+03 7.927025872666657591e-01
3.286061763166296120e-08 4.465129225753953506e+03 7.972221444738046836e-01
3.423671803909638747e-08 4.424071416987851080e+03 8.016959521557929236e-01
3.567044524930523605e-08 4.383533093272839324e+03 8.061268535262380297e-01
3.716421249346085704e-08 4.343178145089256759e+03 8.105117688578706847e-01
3.872053406134622567e-08 4.303148861529756687e+03 8.148513557414998054e-01
4.034202953337646574e-08 4.263391612795791843e+03 8.191451768455277893e-01
4.203142818984235622e-08 4.223992509290325870e+03 8.233934224438700378e-01
4.379157360480009176e-08 4.184882769913819175e+03 8.275956245743875117e-01
4.562542843233842504e-08 4.146086941917426884e+03 8.317515606664648287e-01
4.753607939327985082e-08 4.107452678170177023e+03 8.358598333033840921e-01
4.952674247070924635e-08 4.069278098526099711e+03 8.399228300552338267e-01
5.160076832307556362e-08 4.031211382353336376e+03 8.439376538394246507e-01
5.376164792397638643e-08 3.993495933340763713e+03 8.479060174818602302e-01
5.601301843812007518e-08 3.956133178524716641e+03 8.518277895512736952e-01
5.835866934335452325e-08 3.918927974116884798e+03 8.557015533735415902e-01
6.080254880906737554e-08 3.882136786278866566e+03 8.595290112606533972e-01
6.334877034169394439e-08 3.845555162021559227e+03 8.633088812042698512e-01
6.600161970851822377e-08 3.809226886013309013e+03 8.670413659390844296e-01
6.876556215142101724e-08 3.773137448693365059e+03 8.707264307916499080e-01
7.164524990271817098e-08 3.737369756303824488e+03 8.743645875126109246e-01
7.464553001573719180e-08 3.701878929244981009e+03 8.779556211049064363e-01
7.777145252331551066e-08 3.666680831292861512e+03 8.814996796741463303e-01
8.102827893795061034e-08 3.631620454547005465e+03 8.849960319429853728e-01
8.442149110791007152e-08 3.596940897195287562e+03 8.884461048815045503e-01
8.795680044420776849e-08 3.562567700310790769e+03 8.918495094045841842e-01
9.164015753397800631e-08 3.528373089505837015e+03 8.952058383191412450e-01
9.547776215642615359e-08 3.494392246266051188e+03 8.985153716043849936e-01
9.947607371821772210e-08 3.460819234264600709e+03 9.017791685872876828e-01
1.036418221258683800e-07 3.427362231998426068e+03 9.049961167931339645e-01
1.079820191134358664e-07 3.394195115660415468e+03 9.081671542273075382e-01
1.125039700445804125e-07 3.361326029863680560e+03 9.112925558312804375e-01
1.172152862088588029e-07 3.328687654820658736e+03 9.143721883891741120e-01
1.221238976329488762e-07 3.296241017853948961e+03 9.174061643202550131e-01
1.272380664283680058e-07 3.264155387180065645e+03 9.203953622763995090e-01
1.325664006981538497e-07 3.232200639867647624e+03 9.233391702898868791e-01
1.381178690259109175e-07 3.200594850931796373e+03 9.262386723938866862e-01
1.439018155716160330e-07 3.169150013203306571e+03 9.290934226387818073e-01
1.499279757995876470e-07 3.138052463506054210e+03 9.319043921703612510e-01
1.562064928650939138e-07 3.107183549798734930e+03 9.346714052854081523e-01
1.627479346871819165e-07 3.076478254079310318e+03 9.373945932092722089e-01
1.695633117364612507e-07 3.046062240547446436e+03 9.400746480548750617e-01
1.766640955677874663e-07 3.015832832974097528e+03 9.427115743383976953e-01
1.840622381290351071e-07 2.985877837749858372e+03 9.453059742612093252e-01
1.917701918784624297e-07 2.956207483079122085e+03 9.478582007466084258e-01
1.998009307445287136e-07 2.926672657344969139e+03 9.503681399194839896e-01
2.081679719634435595e-07 2.897435886885763466e+03 9.528366118672297880e-01
2.168853988312047212e-07 2.868438053083231353e+03 9.552638084693069187e-01
2.259678844084200750e-07 2.839645979557269129e+03 9.576499785149983346e-01
2.354307162178159926e-07 2.811092518123774880e+03 9.599955939217931222e-01
2.452898219759960236e-07 2.782767808174089168e+03 9.623009723792314007e-01
2.555617964027700396e-07 2.754636904197377135e+03 9.645664251723286009e-01
2.662639291531724239e-07 2.726745880150569519e+03 9.667924160528642563e-01
2.774142339191861749e-07 2.699093995786413871e+03 9.689793396374360990e-01
2.890314787501594329e-07 2.671707441416392612e+03 9.711276275450367867e-01
3.011352176429409104e-07 2.644479009102340115e+03 9.732374423092280402e-01
3.137458234549179990e-07 2.617544396148743999e+03 9.753094458176710946e-01
3.268845221953469917e-07 2.590778601020281712e+03 9.773437880074870021e-01
3.405734287526987084e-07 2.564234771616413127e+03 9.793409772909634770e-01
3.548355841181537258e-07 2.537875780875230703e+03 9.813013301779205388e-01
3.696949941679020281e-07 2.511792571108264838e+03 9.832254297786008346e-01
3.851766700695245728e-07 2.485921318468813297e+03 9.851135501792740445e-01
4.013066703804673762e-07 2.460204603848040733e+03 9.869659929358362005e-01
4.181121449094732763e-07 2.434756941563127839e+03 9.887833833400234695e-01
4.356213804147851610e-07 2.409511145131405556e+03 9.905659928032675143e-01
4.538638482160563977e-07 2.384475417578339602e+03 9.923142474677199010e-01
4.728702538000957180e-07 2.359646684951572752e+03 9.940285468877021469e-01
4.926725885039467467e-07 2.335026766141955704e+03 9.957093125606777395e-01
5.133041833622939419e-07 2.310611307345596742e+03 9.973569416303900148e-01
5.347997652098341409e-07 2.286412499180127725e+03 9.989718616159846132e-01
5.571955151330321057e-07 2.262394513035795171e+03 1.000554425170196549e+00
5.805291293696627422e-07 2.238594343792882228e+03 1.002105095719074024e+00
6.048398827586317751e-07 2.214977898478893167e+03 1.003624234027607587e+00
6.301686948468791692e-07 2.191608600038767690e+03 1.005112325818751540e+00
6.565581987646330251e-07 2.168407321575697551e+03 1.006569673063111958e+00
6.840528129849454461e-07 2.145395038043984187e+03 1.007996712269182193e+00
7.126988160882938830e-07 2.122621300249209980e+03 1.009393901189270748e+00
7.425444246580906922e-07 2.100006701271535803e+03 1.010761546371646169e+00
7.736398744382203342e-07 2.077587199726775907e+03 1.012100089937116865e+00
8.060375048891882766e-07 2.055378137228762625e+03 1.013409944226983272e+00
8.397918472852324763e-07 2.033405425590184450e+03 1.014691520411420855e+00
8.749597165006595459e-07 2.011590009229353882e+03 1.015945143844117160e+00
9.116003066399082274e-07 1.989954096702668721e+03 1.017171220586115421e+00
9.497752906723106300e-07 1.968512113837334937e+03 1.018370153827063085e+00
9.895489242392288169e-07 1.947273879866367679e+03 1.019542334307067533e+00
1.030988153808329120e-06 1.926213952763890120e+03 1.020688121655647596e+00
1.074162729357014042e-06 1.905331504923713510e+03 1.021807897138540921e+00
1.119145321774684032e-06 1.884649155610249863e+03 1.022902055971526503e+00
1.166011645181442856e-06 1.864168562554467144e+03 1.023970969190842295e+00
1.214840584369129804e-06 1.843841361259820360e+03 1.025014968109992708e+00
1.265714327579184608e-06 1.823697365390231425e+03 1.026034446689114255e+00
1.318718504840836867e-06 1.803752889665164048e+03 1.027029777520584108e+00
1.373942332102465703e-06 1.783984923945682340e+03 1.028001302361516212e+00
1.431478761398744687e-06 1.764399724107671318e+03 1.028949382054557660e+00
1.491424637306294455e-06 1.744981680803443396e+03 1.029874362412562805e+00
1.553880859951233227e-06 1.725745817432658669e+03 1.030776600313439539e+00
1.583582424472191382e-06 1.716942019964796827e+03 1.031185451491410277e+00
1.877791094786566157e-06 1.710897350791446115e+03 1.031316721537810288e+00
1.880528025937435663e-06 1.710564607487467356e+03 1.031294346035468878e+00
1.907654574425868824e-06 1.707283275921671930e+03 1.030951849970764167e+00
1.913684022485309061e-06 1.706538017946610125e+03 1.030852000988386585e+00
1.950263023444467412e-06 1.702141138932867307e+03 1.030111546069483186e+00
1.958637083234910322e-06 1.701133773663942520e+03 1.029914832152032389e+00
1.987541211571125220e-06 1.697647855070038077e+03 1.029173590128138027e+00
2.040922873511408933e-06 1.691239398535775990e+03 1.027601884118189313e+00
2.070773252480739158e-06 1.687654063386108419e+03 1.026634359026901810e+00
2.126665634627163485e-06 1.681000534828720902e+03 1.024695369978661841e+00
2.157490792253797480e-06 1.677347956314192061e+03 1.023569630049332435e+00
2.216010600010002567e-06 1.670412870811227776e+03 1.021350254777330546e+00
2.247839792736174363e-06 1.666680012909743482e+03 1.020107516228571098e+00
2.309109104599605770e-06 1.659506986660762550e+03 1.017664288597490030e+00
2.341972328201630873e-06 1.655688831474471726e+03 1.016332971178390832e+00
2.406118841182770843e-06 1.648285960866965070e+03 1.013706989941230763e+00
2.440046841321268073e-06 1.644394134701661642e+03 1.012308629098197521e+00
2.507204127497730264e-06 1.636764203289590341e+03 1.009531708808171446e+00
2.542228409852210033e-06 1.632812418223965096e+03 1.008082604491852940e+00
2.612536184560037374e-06 1.624923476606632903e+03 1.005180756074259829e+00
2.648689024494328153e-06 1.620912563410007351e+03 1.003694746631353496e+00
2.722293426681388713e-06 1.612832798653495502e+03 1.000688634277359323e+00
2.759607878382786264e-06 1.608773910694028018e+03 9.991770972225314518e-01
2.836661763672652773e-06 1.600467091131157304e+03 9.960850262840187375e-01
2.875171668703633815e-06 1.596367286256778470e+03 9.945566412274521317e-01
2.955834915742977339e-06 1.587849447159910142e+03 9.913947974247316886e-01
2.995574910940072740e-06 1.583721922192864668e+03 9.898577799802706911e-01
3.080014741628367318e-06 1.575016121499986639e+03 9.866392851227880900e-01
3.121020266278434437e-06 1.570833304419516935e+03 9.851005068186394764e-01
3.209411580505516255e-06 1.561935601323963965e+03 9.818368702587982888e-01
3.251718882724871550e-06 1.557726082260455996e+03 9.803019649544155723e-01
3.344244608270042707e-06 1.548648965574307795e+03 9.770051184838167702e-01
3.387890750506962671e-06 1.544431642810140374e+03 9.754790503871502150e-01
3.484742208782593722e-06 1.535162628894519457e+03 9.721574330802177366e-01
3.529765072358430461e-06 1.530920875472405442e+03 9.706443544811526047e-01
3.631142360711687439e-06 1.521484053517480561e+03 9.673078958972017860e-01
3.677580649310229792e-06 1.517232993318520130e+03 9.658107716654549257e-01
3.783693040628430722e-06 1.507639868403058927e+03 9.624662154062589847e-01
3.831586282637365062e-06 1.503374943803136830e+03 9.609900951031542515e-01
3.942652643036029197e-06 1.493626522491923879e+03 9.576448608586780598e-01
3.992041192637995791e-06 1.489365024050165403e+03 9.561910477371365902e-01
4.108290418045436420e-06 1.479471919467551061e+03 9.528509697514393473e-01
4.159215454949697864e-06 1.475186563250867721e+03 9.514229274178084284e-01
4.280886927438540797e-06 1.465157960334219752e+03 9.480938759773245295e-01
4.333390455137293542e-06 1.460896427411557170e+03 9.466937162264458250e-01
4.460734519891361446e-06 1.450734188066185880e+03 9.433811260249372888e-01
4.514859362317441200e-06 1.446481105612072497e+03 9.420095452872200292e-01
4.648137826162212962e-06 1.436181437963534790e+03 9.387184885575724502e-01
4.703927622617064784e-06 1.431939951434259683e+03 9.373771657662148815e-01
4.843414275083593980e-06 1.421537937613432860e+03 9.341121837155731411e-01
4.900913473296375996e-06 1.417315347911278877e+03 9.328021964991748405e-01
5.046894631231793551e-06 1.406775607481884663e+03 9.295672192762537422e-01
5.106148478401709615e-06 1.402591992562675614e+03 9.282900961995808053e-01
5.258923555184990893e-06 1.391958193799026276e+03 9.250878873099490640e-01
5.319978086849899533e-06 1.387785219407758632e+03 9.238434720361978769e-01
5.479860187318688879e-06 1.377066186709684644e+03 9.206788898063718030e-01
5.542762213883380551e-06 1.372915912200726098e+03 9.194684067694552931e-01
5.710078756127518470e-06 1.362110412743226789e+03 9.163424987958681545e-01
5.774875846874931902e-06 1.357994623606454979e+03 9.151670293955946889e-01
5.949969212103659377e-06 1.347104868735000082e+03 9.120828711044459691e-01
6.016709676501581867e-06 1.343020824928526281e+03 9.109421805329004362e-01
6.199937888245622545e-06 1.332053469161709927e+03 9.079023775814392128e-01
6.268670754350119598e-06 1.328023856738668428e+03 9.067967826111452689e-01
6.460408188316169092e-06 1.316985961567383583e+03 9.038029697301317444e-01
6.531183178061088019e-06 1.312979568161787483e+03 9.027321376594539259e-01
6.731821304015154964e-06 1.301876337686057241e+03 8.997872197447824849e-01
6.804688805164463504e-06 1.297936146477967213e+03 8.987502250928408598e-01
7.014636962282062576e-06 1.286777629773496301e+03 8.958558641674241318e-01
7.089647996808562295e-06 1.282872705991632984e+03 8.948538577017696172e-01
7.309334203994039041e-06 1.271681299622908455e+03 8.920097115485685624e-01
7.386540392633994327e-06 1.267822484728042582e+03 8.910423866925842873e-01
7.616412195378381391e-06 1.256583124733030900e+03 8.882509330780095080e-01
7.695865718096910551e-06 1.252775466586696894e+03 8.873167166446442877e-01
7.936391073513972033e-06 1.241509648002874428e+03 8.845793365183834966e-01
8.018144625600517487e-06 1.237752522234349954e+03 8.836786908084580672e-01
8.269812827353566003e-06 1.226459470667712822e+03 8.809955721127546990e-01
8.353919570850402675e-06 1.222767979718846618e+03 8.801274477767164761e-01
8.617242215759513040e-06 1.211436223956679441e+03 8.774990531415213235e-01
8.703755725909048262e-06 1.207799487752060941e+03 8.766638156240434965e-01
8.979267724107726462e-06 1.196461391722102235e+03 8.740909792387380195e-01
9.068241930486139430e-06 1.192891847320741135e+03 8.732875117384586439e-01
9.356502561080251698e-06 1.181547782507504962e+03 8.707707847659598155e-01
9.447991683066044440e-06 1.178037162045235164e+03 8.699977017428940362e-01
9.749585697334869290e-06 1.166686650643783651e+03 8.675366546810872048e-01
9.843644173540456270e-06 1.163236371392440105e+03 8.667950962617845256e-01
1.015918294781102149e-05 1.151896152097599042e+03 8.643903990780620328e-01
1.025586535908465475e-05 1.148502660234810492e+03 8.636781489766638398e-01
1.058598809950532300e-05 1.137170851015088829e+03 8.613291211000994041e-01
1.068534908508802882e-05 1.133842194235352281e+03 8.606457498220050351e-01
1.103072408662687937e-05 1.122524141982876927e+03 8.583531805262347714e-01
1.113281825302569600e-05 1.119259908096084246e+03 8.576987462385586847e-01
1.149414421512305755e-05 1.107958574652883271e+03 8.554614168096457139e-01
1.159902603723695211e-05 1.104761165951058501e+03 8.548343939226273891e-01
1.197703343864952457e-05 1.093489242127191346e+03 8.526520479386142659e-01
1.208475715265862434e-05 1.090352396846945339e+03 8.520518790953284238e-01
1.248020968814624019e-05 1.079117163141021820e+03 8.499246642092634918e-01
1.259082917564713430e-05 1.076054494999040571e+03 8.493504736979704539e-01
1.300452525727118289e-05 1.064836055519840102e+03 8.472773225718490675e-01
1.311809392011249507e-05 1.061834179494124555e+03 8.467283745239417847e-01
1.355086824603859542e-05 1.050681711743254482e+03 8.447098195413008659e-01
1.366743887128048466e-05 1.047744043106772097e+03 8.441848186080179728e-01
1.412016406510701532e-05 1.036622180166788212e+03 8.422193732837891522e-01
1.423978867949645335e-05 1.033754907515671448e+03 8.417178130660429858e-01
1.471337700326509435e-05 1.022682066054770758e+03 8.398051318642606455e-01
1.483610671658470805e-05 1.019881437272370363e+03 8.393265471079142115e-01
1.533151186077025356e-05 1.008862721595983658e+03 8.374651143105711348e-01
1.545739669738367352e-05 1.006119128621001096e+03 8.370090818424450463e-01
1.597561565130677173e-05 9.951615471808623852e+02 8.351983399318260171e-01
1.610470436918570966e-05 9.924967122386791516e+02 8.347632322042188857e-01
1.664677937544609059e-05 9.815845369614999072e+02 8.330026446041201016e-01
1.677911927192562164e-05 9.789809529112986866e+02 8.325885469962340801e-01
1.734613986861347973e-05 9.681371476916010579e+02 8.308766675703723736e-01
1.748177657208003889e-05 9.656043842116022233e+02 8.304821160315719597e-01
1.807488172669069389e-05 9.548161780409731136e+02 8.288191151645183385e-01
1.821385897336514357e-05 9.523568989164226650e+02 8.284434006720545751e-01
1.883423931251692251e-05 9.416404689021685499e+02 8.268270901416783225e-01
1.897659870744829578e-05 9.392417829267468505e+02 8.264698483294420361e-01
1.962549884668621762e-05 9.285958068005387531e+02 8.248999169310209378e-01
1.977127960802450260e-05 9.262645631511866213e+02 8.245601201963599358e-01
2.045000058618300071e-05 9.156885477237709665e+02 8.230356030055850924e-01
2.059923927174874992e-05 9.134212508236939811e+02 8.227126636141982585e-01
2.130914109454593394e-05 9.029184742462407485e+02 8.212326403348791937e-01
2.146187130966147204e-05 9.007209380305712330e+02 8.209259002809162764e-01
2.220437560740531934e-05 8.902875421207463660e+02 8.194885876913171607e-01
2.236062769289669271e-05 8.881506072092577142e+02 8.191973454337435623e-01
2.727731796920611359e-05 8.849834268275379827e+02 8.185710815444664501e-01
2.745149567433810068e-05 8.842387553443847992e+02 8.182991099577517913e-01
2.842328609414958686e-05 8.802210607135446025e+02 8.163700719417813501e-01
2.860107888684937364e-05 8.794985342597356066e+02 8.159636225869775217e-01
2.961739835646276368e-05 8.754851806182347218e+02 8.134349170502650495e-01
2.979880306691181990e-05 8.747801420445497342e+02 8.129535566841205041e-01
3.086167737607077019e-05 8.706826719848994571e+02 8.100064359055966223e-01
3.104668420843650391e-05 8.699744166117011446e+02 8.094750531045836750e-01
3.215823074672078205e-05 8.657711379321419827e+02 8.062027373798288377e-01
3.234682272888598662e-05 8.650606738563238878e+02 8.056363901376698555e-01
3.350925460588180185e-05 8.607259102751826276e+02 8.020992276627617601e-01
3.370140700466985669e-05 8.600134837397872616e+02 8.015088025931139670e-01
3.491703735462224162e-05 8.555259579735866282e+02 7.977516696770162730e-01
3.511271705459173418e-05 8.548052920143162510e+02 7.971449956649064861e-01
3.638396353376602597e-05 8.501723649988970237e+02 7.932028907661172745e-01
3.658312837754754365e-05 8.494571968642528645e+02 7.925860312147524622e-01
3.791251786289287327e-05 8.446618523074563427e+02 7.884873325243838549e-01
3.811511595093463478e-05 8.439357556942940164e+02 7.878658733048455876e-01
3.950528944902436187e-05 8.389845168794647634e+02 7.836346762032652125e-01
3.971125839650190838e-05 8.382522483992163416e+02 7.830128065574352147e-01
4.116497617212360426e-05 8.331354620140300540e+02 7.786692136954684873e-01
4.137424232065266641e-05 8.323979351715242956e+02 7.780507613981176851e-01
4.289438925483820755e-05 8.271161788195645386e+02 7.736129291877078540e-01
4.310686683650593291e-05 8.263815622731276562e+02 7.730003760374730692e-01
4.469645802422584686e-05 8.209275709813289268e+02 7.684845566343295742e-01
4.491204827532752173e-05 8.201985232065389937e+02 7.678808971628143798e-01
4.657423487352829207e-05 8.145781820222579199e+02 7.633010677264708832e-01
4.679282509526157263e-05 8.138410005921896300e+02 7.627083391132104540e-01
4.853090043239839316e-05 8.080582422467257402e+02 7.580775908983549138e-01
4.875236299562367529e-05 8.073310704948609100e+02 7.574978217898692412e-01
5.056976895433724673e-05 8.013802887173940235e+02 7.528283530178732086e-01
5.079396024536547428e-05 8.006479108968052287e+02 7.522627349115754702e-01
5.269429393046755821e-05 7.945425624167243086e+02 7.475643755866212548e-01
5.292105323467834730e-05 7.938137597505748317e+02 7.470148846285772359e-01
5.490807393915056851e-05 7.875488697532122160e+02 7.422982922434721020e-01
5.513722225908148451e-05 7.868288585596728808e+02 7.417655523440755960e-01
5.721485874135659341e-05 7.803992541018760676e+02 7.370395308351861408e-01
5.744619754572858017e-05 7.796908096859392572e+02 7.365249134040964263e-01
5.985186553207852444e-05 7.724011893642284576e+02 7.313020616792248463e-01
6.235827540749680432e-05 7.649749845847640017e+02 7.261052864394555995e-01
6.496964592879883192e-05 7.574066262263755789e+02 7.209423884435013363e-01
6.769037252120710261e-05 7.497100229995136260e+02 7.158206935470186050e-01
7.052503467667431262e-05 7.418982691614788791e+02 7.107465638239065520e-01
7.347840366202520958e-05 7.339584744863667538e+02 7.057261416506037666e-01
7.655545054989145056e-05 7.259081588342355644e+02 7.007646680534406203e-01
7.976135458595683971e-05 7.177548569976436283e+02 6.958666913027617973e-01
8.310151190659763960e-05 7.094998198245530148e+02 6.910378290979179994e-01
8.658154462158881089e-05 7.011574094659526963e+02 6.862810977794779888e-01
9.020731027716740185e-05 6.927291971271448574e+02 6.816007929770674378e-01
9.398491171537858111e-05 6.842257248541366152e+02 6.769998549893845308e-01
1.252486251250161005e-04 6.757608929617807689e+02 6.716491167205096424e-01
1.304936477839614261e-04 6.740152319217403374e+02 6.687396715100346611e-01
1.359583156698732044e-04 6.724295069322959080e+02 6.653390981370236323e-01
1.416518268413431312e-04 6.709112476796912006e+02 6.615615290259094783e-01
1.475837645430325476e-04 6.694067964250583600e+02 6.574756063177027432e-01
1.537641133360673651e-04 6.678867146606391998e+02 6.531290464023260522e-01
1.602032759039224139e-04 6.663116829875514213e+02 6.485590650145912628e-01
1.669120905620844332e-04 6.646715524870548961e+02 6.437961614636553698e-01
1.739018495009648938e-04 6.629455351393346518e+02 6.388658179336935694e-01
1.811843177927692375e-04 6.611241236116536584e+02 6.337896786831679341e-01
1.887717531943162010e-04 6.591898976269519608e+02 6.285862223326810216e-01
7.309343099380578900e-04 6.578959984400203211e+02 6.246299137317121719e-01
7.615435642432357355e-04 6.593542489685620467e+02 6.261617318169323543e-01
7.646873454684092021e-04 6.595161923377855828e+02 6.263067378303962540e-01
7.934346388657545490e-04 6.610921526094656429e+02 6.275425265240756056e-01
7.968132063922623871e-04 6.612829275111619154e+02 6.276780104111951974e-01
8.266612124516054807e-04 6.630302911516373570e+02 6.288069688230480958e-01
8.302887312620600094e-04 6.632454711197552797e+02 6.289362148729241708e-01
8.612792115414326507e-04 6.651313009222977826e+02 6.299758175108469693e-01
8.651706218350345944e-04 6.653699032953788901e+02 6.300990109906999814e-01
8.973469047053643727e-04 6.673719657060287318e+02 6.310616528491701516e-01
9.015179620090108719e-04 6.676315158952502316e+02 6.311795081854733036e-01
9.349250006199203182e-04 6.697319727499864257e+02 6.320741702804443252e-01
9.393923179003278549e-04 6.700175191773608958e+02 6.321878042533342068e-01
9.740767502520729674e-04 6.722059402792964420e+02 6.330222013261738168e-01
9.788578421262008819e-04 6.725121519733502282e+02 6.331314110852700461e-01
1.014868053322459229e-03 6.747833837609764487e+02 6.339125690898426146e-01
1.019981382468177671e-03 6.751071784392041764e+02 6.340185477252693325e-01
1.057367569226948592e-03 6.774523240363203058e+02 6.347513267801235815e-01
1.062832595100734415e-03 6.777915772965155838e+02 6.348537847216775276e-01
1.101646832603242606e-03 6.802044479060441518e+02 6.355442120582678323e-01
1.107484062576802189e-03 6.805674751035129475e+02 6.356429938942594893e-01
1.147780373737063153e-03 6.830421859270614959e+02 6.362954969153906681e-01
1.154011416770080178e-03 6.834214722578691408e+02 6.363916304122063661e-01
1.195845844010566799e-03 6.859489419642459325e+02 6.370099780783249344e-01
1.202493466982359907e-03 6.863459117393150564e+02 6.371038157878103902e-01
1.245924146604151595e-03 6.889244368811116601e+02 6.376920132541736841e-01
1.253012333432874806e-03 6.893414709058183689e+02 6.377840912570181819e-01
1.298099572671648641e-03 6.919616141113475578e+02 6.383461938748523634e-01
1.305653586355765309e-03 6.923992124696850397e+02 6.384361356481733640e-01
1.352459943218105049e-03 6.950602151462742313e+02 6.389744381105672000e-01
1.360506390941281125e-03 6.955124978227200927e+02 6.390637349967259739e-01
1.409096756918966180e-03 6.982118236595759981e+02 6.395813279877752278e-01
1.417663658366204865e-03 6.986816409909805543e+02 6.396698811347553137e-01
1.468105344129479401e-03 7.014119428116448489e+02 6.401704150441503982e-01
1.477222203169343802e-03 7.018962813796666751e+02 6.402577046614728040e-01
1.529585027343502218e-03 7.046495358246198748e+02 6.407436204097156640e-01
1.539282907238634368e-03 7.051521461627770577e+02 6.408305128946335527e-01
1.593639288371855901e-03 7.079243459175444286e+02 6.413039991121206596e-01
1.603950890687635229e-03 7.084446824486918786e+02 6.413906751361864167e-01
1.660375942521574418e-03 7.112327147850912752e+02 6.418535450261028119e-01
1.671335689910849291e-03 7.117660370541144630e+02 6.419409470874755108e-01
1.729907320069238837e-03 7.145640080556470366e+02 6.423955969901005147e-01
1.741551443119447855e-03 7.151107270230826316e+02 6.424838077257026825e-01
1.802350455333853827e-03 7.179137681381599805e+02 6.429313554268434316e-01
1.814717083671691733e-03 7.184742882162646538e+02 6.430202317815544300e-01
1.877827283667499961e-03 7.212806790859958710e+02 6.434629015772574956e-01
1.890956541525497031e-03 7.218499008103891583e+02 6.435528479174621452e-01
1.956464846695364634e-03 7.246488000448941875e+02 6.439916337947957370e-01
1.970398953154376982e-03 7.252269657732834958e+02 6.440831698802619298e-01
2.038395506150544791e-03 7.280198911462165370e+02 6.445195680452372455e-01
2.053178880282331090e-03 7.286113955731772194e+02 6.446127926677570619e-01
2.123757166663627766e-03 7.313835161085569325e+02 6.450477934111792377e-01
2.139436537808151514e-03 7.319898982355143744e+02 6.451420228667005263e-01
2.212693507881982949e-03 7.347379147654643248e+02 6.455761385925240514e-01
2.229318031305252759e-03 7.353465176280702735e+02 6.456730912107027098e-01
2.305354226309496227e-03 7.380713916766520697e+02 6.461063583179100789e-01
2.322975604499275849e-03 7.386855752185368829e+02 6.462051235766816948e-01
2.401895287273794408e-03 7.413747548944062373e+02 6.466395942393002860e-01
2.420567897142659845e-03 7.419966836174157834e+02 6.467402803335292605e-01
2.502479187445072646e-03 7.446531144168595802e+02 6.471747907336815597e-01
2.522260213722993857e-03 7.452778437428286225e+02 6.472776677448066618e-01
2.607275228348414874e-03 7.478906583576086859e+02 6.477132748736731394e-01
2.628224803460252074e-03 7.485094854406619334e+02 6.478185748836744473e-01
2.716459801329910908e-03 7.510759767970536132e+02 6.482546639191096860e-01
2.738641152067231195e-03 7.517018746717550357e+02 6.483624830914989090e-01
2.830216684456317560e-03 7.542133541853065708e+02 6.487985924992323294e-01
2.853696285767342265e-03 7.548389059444798477e+02 6.489081799091650504e-01
2.948737351847927849e-03 7.572946041184094383e+02 6.493445912280318977e-01
2.973585088084739966e-03 7.579153920840767569e+02 6.494566956946623559e-01
3.072221295965345961e-03 7.603056588533308968e+02 6.498929029229627563e-01
3.098510629943338011e-03 7.609237557309176054e+02 6.500069879583477706e-01
3.200876363392622919e-03 7.632479017816898477e+02 6.504422176065153272e-01
3.228684513633888354e-03 7.638583027483169872e+02 6.505581378909657264e-01
3.334919104681946696e-03 7.661073275292318385e+02 6.509919888336085370e-01
3.364327231231712019e-03 7.667121013848527582e+02 6.511098482968468160e-01
3.474575138848767265e-03 7.688864883354566473e+02 6.515412604972309341e-01
3.505668538072187479e-03 7.694807271785043667e+02 6.516601759991219600e-01
3.620079533130776944e-03 7.715774866471922451e+02 6.520887143634575001e-01
3.652947841916620760e-03 7.721573471519562872e+02 6.522092966558634686e-01
3.771677198650083551e-03 7.741719048911153322e+02 6.526336857528353130e-01
3.806414608467618890e-03 7.747381308598772875e+02 6.527548072222102427e-01
3.929623302644450443e-03 7.766624934016207362e+02 6.531746384246414072e-01
3.966328783920919365e-03 7.772148653306892356e+02 6.532963368164128592e-01
4.094183697961501466e-03 7.790530828258239353e+02 6.537096786520196767e-01
4.132961235269341435e-03 7.795863462349080919e+02 6.538324101476851169e-01
4.265635370538813434e-03 7.813296341119628323e+02 6.542384937272041068e-01
4.306594209104687085e-03 7.818384172071421290e+02 6.543605441889343011e-01
4.444266905623065790e-03 7.834974500052214808e+02 6.547587923046875868e-01
4.487521809694730059e-03 7.839898369457894205e+02 6.548798588111540697e-01
4.630378973513048051e-03 7.855434154067163490e+02 6.552688212818985614e-01
4.676050497145026706e-03 7.860066525341858323e+02 6.553893246260704686e-01
4.824284835643979225e-03 7.874676250075170856e+02 6.557674382255497258e-01
4.872499606489417469e-03 7.879170250790078853e+02 6.558865824855247828e-01
5.026310871865155572e-03 7.892737476796256715e+02 6.562529146815371250e-01
5.077201888588415458e-03 7.896952370905510179e+02 6.563699638510045453e-01
5.236797129798301947e-03 7.909565629551932489e+02 6.567237148078612918e-01
5.290504073751685007e-03 7.913531737937413482e+02 6.568382498736785591e-01
5.456097897201345366e-03 7.925077275352382458e+02 6.571785204953963788e-01
5.512767459039322193e-03 7.928781505911844079e+02 6.572899730428948262e-01
5.684582298301005081e-03 7.939356909432680141e+02 6.576144695376539007e-01
5.744368520236635585e-03 7.942775984320808220e+02 6.577229871004001138e-01
5.922634915097928394e-03 7.952298008715478090e+02 6.580322404823495397e-01
5.985699549539129187e-03 7.955491138211291400e+02 6.581367779012476937e-01
6.170656434690201426e-03 7.964062016622967803e+02 6.584287043559189367e-01
6.237169320027705598e-03 7.966911673146491921e+02 6.585289262096051255e-01
6.429064323704647248e-03 7.974594586145720996e+02 6.588031825710913836e-01
6.499203778059693334e-03 7.977053642808168661e+02 6.588990122833230378e-01
6.698293530971313921e-03 7.983871355909375325e+02 6.591550039672008365e-01
6.772246764748365323e-03 7.986143852897005218e+02 6.592450704075388801e-01
6.978797219623736857e-03 7.991955751425560948e+02 6.594830741047912337e-01
7.056760767753150580e-03 7.994003770192315415e+02 6.595675556620161917e-01
7.271047529857284884e-03 7.998960951583342194e+02 6.597863426917883745e-01
7.353227704653843462e-03 8.000744726195401881e+02 6.598647519562343966e-01
7.575536373629454534e-03 8.004904463834192256e+02 6.600639796050391528e-01
7.662149739235735169e-03 8.006373693964337690e+02 6.601362528448946332e-01
7.892776262639726592e-03 8.009755200689374988e+02 6.603160801402611080e-01
7.984050132068369610e-03 8.010989235553129220e+02 6.603821617389495913e-01
8.223301170982714667e-03 8.013733015339217900e+02 6.605428582019217121e-01
8.319474126818516072e-03 8.014724535391276277e+02 6.606023934293452360e-01
8.567667433926399317e-03 8.016810749405706247e+02 6.607441363183729210e-01
8.668989873798807824e-03 8.017549504337084727e+02 6.607973269253942794e-01
8.926454684328533409e-03 8.019070432954301850e+02 6.609209021553332786e-01
9.033189392316218203e-03 8.019651945264889719e+02 6.609670617266487636e-01
9.300266828267194155e-03 8.020684061253978143e+02 6.610731052743654690e-01
9.412689573450519834e-03 8.021022763160711975e+02 6.611133449001742601e-01
9.689733061527717670e-03 8.021680736452316296e+02 6.612025154498740731e-01
9.808133224961247676e-03 8.021864440408684231e+02 6.612365268052703415e-01
1.009550892865692696e-02 8.022133981915110326e+02 6.613102256461461659e-01
1.022019016009297412e-02 8.022216652176945217e+02 6.613388846031660329e-01
1.051827742636726216e-02 8.022188995415408499e+02 6.613983244376916426e-01
1.064955833212328368e-02 8.022167474410257455e+02 6.614214388329744398e-01
1.095875015314812240e-02 8.021947925690377588e+02 6.614684039401791393e-01
1.109696501657505240e-02 8.021892217972333583e+02 6.614863363946131836e-01
1.141766850701915817e-02 8.021542398270630656e+02 6.615223988159935065e-01
1.156316804309562296e-02 8.021370205796645223e+02 6.615358919095094548e-01
1.189580493344194294e-02 8.020951817620530164e+02 6.615625055640851349e-01
1.204895707908926195e-02 8.020751376786387254e+02 6.615725641251720690e-01
1.239396422549021021e-02 8.020319139744586892e+02 6.615911632907093276e-01
1.255515496727739426e-02 8.020056098332487409e+02 6.615981168847997473e-01
1.291298487846718503e-02 8.019718035464787818e+02 6.616099778535028397e-01
1.308261911945204393e-02 8.019474584330118887e+02 6.616147113881774011e-01
1.345374050125007666e-02 8.019110907436736397e+02 6.616221789907708040e-01
1.363224296878330112e-02 8.018973160872636754e+02 6.616249539296319426e-01
1.401714128673726099e-02 8.018652650403762436e+02 6.616293225990957927e-01
1.420495748314085614e-02 8.018499275589861099e+02 6.616308183281357502e-01
1.460413554387334986e-02 8.018301415542375707e+02 6.616332092728705039e-01
1.480173274199268751e-02 8.018250662133419837e+02 6.616336498586412596e-01
1.521571129383043029e-02 8.018037239187510750e+02 6.616345375215954006e-01
1.542357957955218899e-02 8.018032569202094919e+02 6.616346691958998605e-01
1.585289793303267664e-02 8.017879658362535338e+02 6.616349618803665233e-01
1.586829821094180859e-02 8.017919319772977360e+02 6.616352429789378320e-01
1.588371344943168700e-02 8.017914805224789916e+02 6.616348392503601517e-01
1.589914366303574883e-02 8.017940996550330510e+02 6.616350888216245840e-01
1.591458886630156555e-02 8.017907274822191539e+02 6.616350116558856742e-01
1.593004907379081542e-02 8.017851408821002224e+02 6.616351395847690497e-01
1.594552430007933203e-02 8.017912410066916209e+02 6.616350345591440751e-01
1.595326754983212789e-02 8.017869019828519868e+02 6.616350265587122026e-01
1.596101455975710431e-02 8.017855371790398067e+02 6.616351652243216419e-01
1.597651986742831126e-02 8.017862099292078710e+02 6.616350827801579237e-01
1.599204023771130107e-02 8.017875730974775479e+02 6.616353210545324881e-01
1.600757568523862931e-02 8.017849578374450630e+02 6.616348298052611154e-01
1.602312622465705896e-02 8.017845301448109012e+02 6.616349795115215038e-01
1.603869187062760548e-02 8.017896526649313955e+02 6.616348507811475876e-01
1.605427263782549865e-02 8.017879562582411381e+02 6.616345873373714603e-01
1.606986854094023809e-02 8.017907331193111986e+02 6.616350773536087138e-01
1.608547959467558283e-02 8.017886695630278382e+02 6.616351354561584852e-01
1.610110581374960340e-02 8.017875928558050873e+02 6.616351945306554461e-01
1.611674721289463666e-02 8.017856780637559950e+02 6.616351720345016174e-01
1.613240380685733791e-02 8.017853797738231378e+02 6.616348578527890822e-01
1.614807561039870859e-02 8.017886874163021957e+02 6.616348424182977306e-01
1.615591722037812081e-02 8.017890966859160926e+02 6.616351386233796372e-01
1.616376263829406856e-02 8.017856243712600417e+02 6.616351232297477125e-01
1.617946490533309425e-02 8.017823271033945502e+02 6.616353251458585438e-01
1.619518242631982907e-02 8.017879093225294582e+02 6.616350113907405461e-01
1.621091521607271463e-02 8.017843740347528865e+02 6.616349809999398923e-01
1.622666328942456992e-02 8.017867162208806349e+02 6.616354132971732360e-01
1.624242666122261564e-02 8.017846224368739740e+02 6.616352975177838269e-01
1.625820534632852615e-02 8.017843898214691762e+02 6.616350663868730830e-01
1.636114109014970286e-02 8.017818223562219373e+02 6.616347051697689663e-01
1.637306015078230509e-02 8.017823890606400710e+02 6.616351600931628107e-01
1.638498789442824691e-02 8.017826425395303431e+02 6.616353636873781863e-01
1.639692432741308298e-02 8.017808741415353779e+02 6.616351496209785799e-01
1.640886945606699274e-02 8.017833017034596423e+02 6.616350203976021360e-01
1.642082328672474917e-02 8.017773690012986663e+02 6.616347089951567506e-01
1.643278582572574656e-02 8.017842209271907450e+02 6.616351702595354434e-01
1.644475707941398662e-02 8.017829345059894877e+02 6.616348483984133555e-01
1.645673705413811666e-02 8.017791259514693820e+02 6.616347759436508325e-01
1.646472855211136149e-02 8.017780150767074474e+02 6.616352297748405720e-01
1.646872575625139140e-02 8.017803741229528214e+02 6.616351084411336014e-01
1.648072319211169381e-02 8.017744488185751379e+02 6.616345443600161191e-01
1.649272936808153858e-02 8.017762997400152472e+02 6.616349579769271738e-01
1.650474429052808945e-02 8.017790792071973556e+02 6.616350318759747218e-01
1.651676796582313492e-02 8.017827584205715539e+02 6.616350946832686430e-01
1.656897185844331821e-02 8.017783611372465202e+02 6.616349392740388247e-01
1.658506776547346781e-02 8.017774207947920786e+02 6.616351561535395165e-01
1.660117930885241302e-02 8.017773941671206330e+02 6.616350879760036774e-01
1.661730650377005528e-02 8.017794848736008362e+02 6.616350925981588915e-01
1.663344936543107583e-02 8.017750844688631560e+02 6.616351625615032317e-01
1.664960790905490803e-02 8.017748394335062585e+02 6.616351991468569782e-01
1.666578214987577550e-02 8.017785675729820696e+02 6.616349983089969689e-01
1.667387516149982860e-02 8.017758462892925309e+02 6.616352053292484658e-01
1.668197210314268861e-02 8.017735733945556831e+02 6.616350968658529785e-01
1.669817778411950351e-02 8.017804258725318505e+02 6.616349354748715106e-01
1.671439920808487356e-02 8.017750111347725124e+02 6.616349566428055828e-01
1.673063639033230826e-02 8.017711159601542477e+02 6.616354348313457923e-01
1.674688934617016289e-02 8.017699248982842164e+02 6.616352879102203044e-01
1.676315809092168707e-02 8.017785286881866114e+02 6.616354276288887171e-01
1.677944263992499005e-02 8.017725807649521812e+02 6.616349574380259169e-01
1.688567849881917812e-02 8.017750459840550548e+02 6.616349305500230926e-01
1.699258696990658263e-02 8.017733850576654504e+02 6.616349106843464334e-01
1.710017231170375338e-02 8.017673414102167726e+02 6.616346086600544130e-01
1.716255034754800984e-02 8.017685458465505235e+02 6.616349386245024000e-01
1.720843880968920755e-02 8.017703286582252531e+02 6.616347455835525082e-01
1.722515592609094939e-02 8.017682179885765663e+02 6.616349980564638633e-01
1.728798987736319612e-02 8.017694727231273646e+02 6.616345402955368105e-01
1.735105303442315006e-02 8.017670478316777007e+02 6.616347906738397899e-01
1.741434623336805820e-02 8.017668336156108353e+02 6.616346356389327665e-01
1.747787031334506469e-02 8.017636021980539454e+02 6.616346200885612205e-01
1.754162611656237547e-02 8.017649960590223372e+02 6.616347628038167228e-01
1.760561448830039177e-02 8.017578048406496691e+02 6.616345645721410929e-01
1.766983627692293723e-02 8.017567686168595174e+02 6.616342997382238522e-01
1.773429233388849544e-02 8.017623025458744905e+02 6.616341533121880003e-01
1.779898351376149948e-02 8.017598210635718488e+02 6.616341833642329640e-01
1.786391067422367016e-02 8.017582168692882760e+02 6.616342928657197309e-01
1.792907467608537142e-02 8.017587439028633298e+02 6.616341599546465835e-01
1.818342373761187847e-02 8.017531202425863057e+02 6.616336575295114208e-01
1.867988853001887814e-02 8.017373352985090378e+02 6.616325087556036433e-01
1.894734136430696603e-02 8.017303331374690742e+02 6.616316304099577605e-01
1.946214413169696303e-02 8.017071420226891405e+02 6.616284983396929498e-01
1.974335251468586558e-02 8.016888839651985563e+02 6.616260690517276055e-01
2.027715816367153465e-02 8.016474232723314799e+02 6.616192473527762186e-01
2.057280549415014745e-02 8.016115169018205506e+02 6.616140482835721759e-01
2.112630244706242139e-02 8.015412694889108707e+02 6.616007082496186964e-01
2.143710525278379533e-02 8.014837723423102034e+02 6.615908010600493050e-01
2.201100625058899016e-02 8.013474362474460122e+02 6.615665348132241386e-01
2.233771576509595985e-02 8.012544997821785273e+02 6.615494211552944703e-01
2.293275869629682329e-02 8.010387504089821959e+02 6.615100168331853325e-01
2.327616250974093651e-02 8.008826191508048851e+02 6.614823878512191557e-01
2.389311126602877006e-02 8.005350694832185354e+02 6.614225283942228861e-01
2.425403505341549790e-02 8.002887015390490433e+02 6.613812817788945475e-01
2.489368041285921346e-02 7.997714771671497829e+02 6.612963671412901423e-01
2.527298974331035689e-02 7.994073686909556500e+02 6.612387197103685166e-01
2.593615028188698754e-02 7.986520552494864660e+02 6.611248946077820099e-01
2.633475251267620304e-02 7.981166158569159279e+02 6.610488527845325146e-01
2.702227554496692760e-02 7.970717271115539688e+02 6.609042289288422634e-01
2.744112180425647626e-02 7.963397982810771509e+02 6.608087104405327983e-01
2.815388435415063645e-02 7.949224576022947986e+02 6.606350182424652884e-01
2.859397161653897887e-02 7.939400996353092523e+02 6.605221055699678212e-01
2.933288141880865951e-02 7.921035464874875061e+02 6.603266428790545151e-01
2.979525467798527921e-02 7.908284850876112841e+02 6.602029149132880859e-01
3.056125121161271455e-02 7.885145153317005224e+02 6.599999198767531050e-01
3.104700575461569884e-02 7.869207268780103277e+02 6.598760026282377567e-01
3.184106130877452367e-02 7.841248617063915844e+02 6.596907797178618305e-01
3.235134509655143709e-02 7.821992678435771040e+02 6.595871464769179626e-01
3.317446587016346232e-02 7.789455276629249738e+02 6.594587672379889076e-01
3.371048202935206933e-02 7.767423468597124838e+02 6.594069742228362285e-01
3.456370926516065534e-02 7.731466597501989781e+02 6.593943494641061331e-01
3.512671869623144177e-02 7.707619652331399038e+02 6.594434515412285203e-01
3.601112985035283959e-02 7.670620822919580633e+02 6.596354387329973479e-01
3.660245395749066322e-02 7.646967608955898186e+02 6.598578076545624782e-01
3.751916390542366780e-02 7.613162741419624808e+02 6.603840414552227811e-01
3.814018745377311531e-02 7.593156700873288401e+02 6.608882400159781234e-01
3.909034973386855266e-02 7.568853143007675044e+02 6.619351082385963592e-01
3.974252384002388561e-02 7.557723360828565546e+02 6.628767285706431700e-01
4.072733193543435354e-02 7.551646462547732881e+02 6.646981406089090827e-01
4.141217719732567804e-02 7.556524189542606109e+02 6.662833917335151401e-01
4.243286585747559764e-02 7.579768551188125230e+02 6.691931160067298157e-01
4.315197563008293935e-02 7.609155243812192566e+02 6.716751712961607224e-01
4.420982223271963801e-02 7.673741695999163994e+02 6.760397828031915468e-01
4.496486605634253397e-02 7.736404744587528057e+02 6.797188880860265403e-01
4.606119201124692780e-02 7.852591253236511193e+02 6.859696195991632495e-01
4.685391919936388039e-02 7.954984567664677115e+02 6.911995111568115524e-01
4.799009139482002945e-02 8.127413260562254891e+02 6.997706098359940396e-01
4.882233478889373007e-02 8.271540945703342231e+02 7.068418506724053474e-01
4.999976708203374143e-02 8.499300879817222949e+02 7.178852872380536709e-01
5.087344698095575685e-02 8.685397544952826365e+02 7.266953391262441775e-01
5.209360173311668868e-02 8.971827173008168756e+02 7.394341112079355627e-01
5.301073000533492591e-02 9.212910627236026357e+02 7.488495785133829630e-01
5.427511966358137402e-02 9.602029183302158799e+02 7.606637269205419605e-01
5.523780405032273355e-02 9.968137668556680637e+02 7.683582065013838669e-01
5.654799277630663534e-02 1.060456388989985953e+03 7.778617217763311720e-01
5.755844139469085824e-02 1.121889096177988449e+03 7.859407698881795135e-01
5.891604674203728548e-02 1.221964590139384654e+03 8.001367790218768539e-01
5.997657279727974799e-02 1.314301936940109499e+03 8.153070000535455053e-01
6.138326743870370361e-02 1.455545483693845426e+03 8.424885881668733312e-01
6.177190395530444272e-02 1.498101301535654557e+03 8.514300544833421913e-01
6.216300105030609507e-02 1.542297039322932733e+03 8.609133279783699466e-01
6.255657430239411343e-02 1.588178885326498857e+03 8.707453092813502993e-01
6.295263938888751021e-02 1.635762431703669336e+03 8.805929360617912316e-01
6.335121208636329548e-02 1.685355522109629192e+03 8.899263494518062645e-01
6.375230827128477995e-02 1.737597338601450474e+03 8.979777009114222608e-01
6.395380766040070775e-02 1.765150734547172078e+03 9.012242500962818204e-01
6.415594392063415918e-02 1.793939224764853634e+03 9.037863901934652944e-01
6.421826813227508868e-02 1.803138636587379551e+03 9.044198645839962580e-01
6.428065288869361238e-02 1.812470057404573254e+03 9.049754250731324445e-01
6.434309824870586281e-02 1.821983292473549909e+03 9.054507454246530918e-01
6.440560427118517672e-02 1.831674961295889034e+03 9.058450320019068025e-01
6.446817101506201186e-02 1.841532203861529069e+03 9.061557644956664825e-01
6.453079853932408572e-02 1.851624939731364520e+03 9.063829059470913663e-01
6.456213511254889348e-02 1.856775799817853795e+03 9.064647536866746735e-01
6.459348690301640328e-02 1.861954025291020344e+03 9.065259697300200870e-01
6.465623616524140971e-02 1.872506870233334212e+03 9.065846056908664075e-01
6.471904638515887931e-02 1.883261595709537460e+03 9.065592289476891441e-01
6.478191762198609593e-02 1.894307913527121400e+03 9.064515423892354207e-01
6.484484993499781136e-02 1.905579797902189739e+03 9.062622791935242006e-01
6.490784338352648120e-02 1.917127750248878328e+03 9.059932693954998451e-01
6.497089802696208449e-02 1.928949055474171473e+03 9.056460640141014151e-01
6.538224894624697359e-02 2.013030154743094954e+03 9.016402886964900443e-01
6.579620425586560351e-02 2.110990728703982313e+03 8.950064890502703596e-01
6.621278044502149074e-02 2.224773896660472474e+03 8.860892317665371998e-01
6.663199410731633632e-02 2.356988120610169517e+03 8.748846800082902275e-01
6.785775793212785179e-02 2.886038937328636166e+03 8.251554292728827678e-01
6.942233466837838263e-02 4.225728629750589789e+03 6.753749614475966778e-01
6.960464170193696176e-02 4.493847304496710422e+03 6.426279825808388635e-01
6.978742748422449294e-02 4.811104179986821691e+03 6.034033316004653313e-01
6.997069327246265014e-02 5.194318358122821337e+03 5.556740648861810961e-01
7.015444032717459144e-02 5.673954210397525458e+03 4.965279556600025734e-01
7.033866991219364651e-02 6.302951009148814592e+03 4.216054597662287073e-01
7.052338329467208733e-02 7.192848336601760820e+03 3.245761405541311428e-01
7.070858174508984351e-02 8.435120890877087731e+03 1.961626931856517986e-01
7.074129632945866386e-02 8.589084564230341130e+03 1.686564931720815341e-01
7.077402604981244960e-02 8.582031703940878288e+03 1.389516543897029166e-01
7.080677091315414062e-02 8.221803527367352217e+03 1.079104416852054438e-01
7.083953092648993810e-02 7.181789658408350988e+03 7.914101638157797214e-02
7.087230609682919347e-02 5.399393559381310297e+03 5.910555055780742501e-02
7.090509643118458882e-02 3.656538548392042230e+03 4.937010587415906898e-02
7.093790193657203980e-02 2.517049068291785261e+03 4.535920487750625535e-02
7.097072262001068166e-02 1.842022797185556783e+03 4.356717697792316518e-02
7.100355848852291096e-02 1.426838738600247780e+03 4.265179068809262647e-02
7.103640954913438554e-02 1.153651228343295543e+03 4.213005339648158432e-02
7.106927580887398288e-02 9.637391710264962512e+02 4.181064531524231187e-02
7.110215727477386949e-02 8.250172581018512119e+02 4.160581481112150121e-02
7.113505395386943153e-02 7.199080142116456500e+02 4.147162637112611350e-02
7.116796585319933033e-02 6.378337135064098220e+02 4.138358111993035299e-02
7.120089297980547460e-02 5.721021906014980232e+02 4.132733580955139790e-02
7.123383534073304824e-02 5.183228807094899366e+02 4.129378821338338529e-02
7.126679294303045475e-02 4.736725263598688684e+02 4.127709471323891266e-02
7.129976579374944223e-02 4.359407348678582821e+02 4.127314187546372165e-02
7.133275389994489513e-02 4.036945800521046408e+02 4.127915732345099897e-02
7.136575726867505631e-02 3.758445502583803659e+02 4.129308400160063008e-02
7.139877590700141607e-02 3.515624255670236380e+02 4.131340078561797358e-02
7.163033451783049066e-02 2.418977699790658562e+02 4.156418113835844141e-02
7.186264411338680325e-02 1.845016128313192496e+02 4.191165405924376225e-02
7.209570712924398550e-02 1.493216224594800963e+02 4.230409444806625119e-02
7.232952600887482264e-02 1.256135514969925140e+02 4.272298047286085532e-02
7.252080851673818607e-02 1.113365224014469419e+02 4.307827151161295470e-02
7.271259688990765191e-02 1.000712089120483057e+02 4.344305085422230789e-02
7.290489246619349939e-02 9.096267708218020687e+01 4.381574936603844367e-02
7.309769658694398320e-02 8.344552633354273041e+01 4.419532241667341321e-02
7.329101059705472876e-02 7.714123775457463239e+01 4.458105623348951330e-02
7.348483584497803034e-02 7.177664825250127478e+01 4.497242296934319400e-02
7.367917368273228795e-02 6.715952300486230797e+01 4.536903157563478700e-02
7.535846147582034305e-02 4.420353854128185134e+01 4.893928650702143029e-02
7.677456541471651408e-02 3.517203661116165136e+01 5.211670868517308958e-02
7.851423933437499947e-02 2.875848660711551830e+01 5.620537009109468490e-02
7.999999999999998779e-02 2.527130586560432945e+01 5.985140348396084803e-02
8.180217134917827648e-02 2.236055783492701821e+01 6.445930704801811073e-02
8.522779172504357792e-02 1.893474365287729100e+01 7.376658072314803971e-02
8.879686642205950053e-02 1.684881941463463662e+01 8.421300564451524029e-02
9.251540286078023534e-02 1.548049797180942555e+01 9.589358691490444675e-02
9.638966003383826753e-02 1.454115477423946423e+01 1.089079259235508912e-01
1.004261590410001764e-01 1.387843025827517707e+01 1.233602949023369921e-01
1.046316940653977262e-01 1.340431056139188826e+01 1.393584381054603083e-01
1.090133438094092466e-01 1.306431829988167515e+01 1.570123551950016738e-01
1.135784834094410584e-01 1.282287315263753946e+01 1.764332692028522109e-01
1.183347968496608754e-01 1.265569610858259786e+01 1.977324384133879176e-01
1.232902898955817450e-01 1.254559933839031416e+01 2.210199301861950905e-01
1.284533035692632386e-01 1.248002072204422674e+01 2.464031466915893032e-01
1.338325281888124163e-01 1.244953504168789671e+01 2.739852016982653460e-01
1.394370179958151768e-01 1.244688202743470384e+01 3.038631944803908413e-01
1.452762063953189076e-01 1.246635334667762685e+01 3.361261806114748674e-01
1.513599218340193897e-01 1.250337193839105154e+01 3.708530324661100663e-01
1.576984043433740101e-01 1.255418791902419251e+01 4.081101470096880068e-01
1.643023227754919213e-01 1.261568522614744658e+01 4.479488601019568361e-01
1.711827927608082500e-01 1.268523004943021171e+01 4.904028283648012576e-01
1.783513954177698979e-01 1.276057006242308667e+01 5.354852008554316090e-01
1.858201968460251319e-01 1.283973745457095639e+01 5.831856901993913711e-01
1.936017684359265523e-01 1.292101122786762524e+01 6.334677089981820552e-01
2.017092080285349809e-01 1.300286248611346096e+01 6.862654512942637508e-01
2.101561619617345056e-01 1.308392282623306180e+01 7.414811709288002817e-01
2.189568480395741590e-01 1.316296367077366369e+01 7.989829040730687115e-01
2.281260794634921152e-01 1.323887154150008350e+01 8.586024432020649133e-01
2.376792897657056536e-01 1.331064981073029507e+01 9.201342182095249012e-01
2.476325587867335976e-01 1.337739623684006673e+01 9.833349609470189989e-01
2.580026397407768624e-01 1.343830672291729655e+01 1.047924420249871424e+00
2.688069874145121996e-01 1.349267620556088332e+01 1.113587522730916213e+00
2.800637875467665294e-01 1.353989082982325520e+01 1.179977757101488889e+00
2.917919874385149215e-01 1.357943850789513540e+01 1.246722058253092458e+00
3.040113278447357237e-01 1.361090489131852799e+01 1.313427278206543036e+00
3.167423762017944622e-01 1.363397587551323475e+01 1.379687584073556739e+00
3.300065612462878550e-01 1.364844226442770392e+01 1.445093104241334192e+00
3.438262090836173290e-01 1.365419537416641127e+01 1.509239023381710343e+00
3.582245807670009774e-01 1.365122702082468287e+01 1.571734723679388601e+00
3.732259114501818020e-01 1.363962390966233151e+01 1.632212731912636716e+00
3.888554511797220892e-01 1.361956305013474910e+01 1.690336622869582639e+00
4.051395073955590953e-01 1.359130216688975246e+01 1.745807606600537465e+00
4.221054892113486612e-01 1.355517195118794760e+01 1.798369833640158788e+00
4.397819535491319654e-01 1.351156002028602821e+01 1.847813470818036041e+00
4.581986532059789674e-01 1.346090655909131506e+01 1.893976340441711370e+00
4.773865869335123802e-01 1.340368695266440113e+01 1.936743679831001597e+00
4.973780516146104613e-01 1.334040297791501750e+01 1.976046281809976657e+00
5.182066966250991058e-01 1.327157064828388044e+01 2.011857664218441144e+00
5.399075804719508653e-01 1.319771172646908575e+01 2.044190056473843775e+00
5.625172298033122020e-01 1.311934447709383456e+01 2.073089752051296308e+00
5.860737008896862443e-01 1.303697646229550244e+01 2.098632420480828653e+00
6.106166436797575425e-01 1.295110057109875612e+01 2.120917955534552313e+00
6.361873685386737476e-01 1.286218676296363128e+01 2.140065787921012763e+00
6.628289157811247945e-01 1.277068374867682188e+01 2.156210348061372795e+00
6.905861281162389842e-01 1.267701204965292128e+01 2.169496954321270543e+00
7.195057261262577386e-01 1.258156668551833945e+01 2.180078156682207613e+00
7.496363869060175267e-01 1.248471544881364181e+01 2.188110641560267577e+00
7.810288259956077450e-01 1.238679723745419103e+01 2.193752498369220927e+00
8.137358827441152354e-01 1.228812546454913956e+01 2.197161130313227684e+00
8.188878971626780690e-01 1.227289668668151812e+01 2.197497220180394173e+00
8.240725305834649683e-01 1.225765847920207285e+01 2.197784696280044692e+00
8.292899895275025468e-01 1.224241090316551173e+01 2.198024101889754611e+00
8.345404818233658206e-01 1.222715545308704144e+01 2.198215978860080799e+00
8.398242166154573640e-01 1.221189272310505913e+01 2.198360882821620343e+00
8.451414043723374236e-01 1.219662394023496077e+01 2.198459366968756878e+00
8.478126092481341747e-01 1.218898763632235038e+01 2.198491367623926607e+00
8.504922568951085449e-01 1.218134999978377486e+01 2.198511967911092935e+00
8.513184665364671444e-01 1.217899974437042943e+01 2.198516024071523134e+00
8.521454787981505019e-01 1.217664951187891376e+01 2.198519005854270958e+00
8.529732944598631406e-01 1.217429919910576785e+01 2.198520927075576115e+00
8.538019143020671997e-01 1.217194854180335817e+01 2.198521769049688768e+00
8.546313391059825459e-01 1.216959796845039143e+01 2.198521552225268128e+00
8.554615696535883274e-01 1.216724709468380539e+01 2.198520270997661008e+00
8.558769873258513794e-01 1.216607190482797840e+01 2.198519229300428979e+00
8.562926067276234177e-01 1.216489642817823302e+01 2.198517926802340927e+00
8.571244511115866382e-01 1.216254569758357640e+01 2.198514525366943140e+00
8.579571035897384235e-01 1.216019438162503796e+01 2.198510068464806455e+00
8.587905649471007097e-01 1.215784358433005252e+01 2.198504551347609137e+00
8.596248359694582675e-01 1.215549233648910565e+01 2.198497988988742158e+00
8.604599174433591458e-01 1.215314135015077035e+01 2.198490365817358239e+00
8.612958101561154489e-01 1.215079017955788387e+01 2.198481698222368053e+00
8.667489412354627554e-01 1.213550599311504818e+01 2.198399891827631514e+00
8.722365977800659032e-01 1.212022000724209114e+01 2.198274370462749872e+00
8.777589983813605112e-01 1.210493343708715841e+01 2.198105630657212206e+00
8.833163630147523593e-01 1.208964704610044549e+01 2.197894219062751731e+00
9.203069035049585844e-01 1.199034440195890028e+01 2.195515730969725077e+00
9.588464927200039956e-01 1.189129774734892742e+01 2.191496257633289702e+00
9.989999999999999991e-01 1.179270703770491835e+01 2.185969959211539582e+00
